,Astrocyte,Endothelial,Excitatory,Inhibitory,Microglia,OD
-1971.778086_2745.402956,0.20854357,0.012039805,0.139682507,0.282099796,0.170558567,0.187075754
-1971.778086_2845.402956,0.200448305,0.150670353,0.200141282,0.101232326,0.007073308,0.340434426
-1971.778086_2945.402956,0.656778114,0.03589767,0.087491394,0.118874149,0.054975639,0.045983034
-1971.778086_3045.402956,0.078524445,0.117406877,0.175953746,0.113541499,0.015757217,0.498816216
-1971.778086_3145.402956,0.277638686,0.225463942,0.007077789,0.090094661,0.165959596,0.233765326
-1971.778086_3245.402956,0.24209544,0.042479681,0.14541039,0.15485159,0.216421338,0.198741561
-1971.778086_3345.402956,0.114750048,0.000168908,0.04340407,0.204826699,0.206046603,0.430803671
-1971.778086_3445.402956,0.185041822,0.000376187,0.182651175,0.205430364,0.020977972,0.40552248
-1971.778086_3545.402956,0.273108542,0.000454478,0.14974564,0.214492066,0.050575086,0.311624187
-1971.778086_3645.402956,0.336710494,0.129502776,0.276593385,0.138221601,0.118835972,0.000135772
-1971.778086_3745.402956,0.359867109,0.00042199,0.438545552,0.14502237,0.055575251,0.000567728
-1971.778086_3845.402956,0.203888551,0.000249012,0.299442726,0.170666445,0.049508065,0.2762452
-1971.778086_3945.402956,0.262547817,0.035525943,0.20683484,0.170546335,0.324204192,0.000340872
-1971.778086_4045.402956,0.215854961,0.039225351,0.520032637,0.104044773,0.004476352,0.116365925
-1971.778086_4145.402956,0.253809182,0.118412302,0.115840141,0.184326321,0.0001294,0.327482655
-1971.778086_4245.402956,0.296190903,0.101441466,0.242062635,0.177075775,0.183127272,0.000101949
-2071.778086_2745.402956,0.322349823,0.090955134,0.195494172,0.103805903,0.276344089,0.011050879
-2071.778086_2845.402956,0.232431971,0.070497221,0.168058758,0.131584843,0.216735685,0.180691523
-2071.778086_2945.402956,0.430204126,9.20E-05,0.11004104,0.074521245,0.003261054,0.381880534
-2071.778086_3045.402956,0.354924897,0.212541674,0.304376417,0.081041128,0.046629246,0.000486638
-2071.778086_3145.402956,0.197269044,0.015787246,0.222934839,0.080189994,0.239253821,0.244565057
-2071.778086_3245.402956,0.48005173,0.042606556,0.12398773,0.160799753,0.024365503,0.168188728
-2071.778086_3345.402956,0.602778112,0.210439584,0.000263545,0.174852017,0.011403197,0.000263545
-2071.778086_3445.402956,0.613168532,0.000295408,0.180451866,0.176402127,0.001369096,0.028312971
-2071.778086_3545.402956,0.230853054,0.000274978,0.334225698,0.139045412,0.103821006,0.191779853
-2071.778086_3645.402956,0.353334737,0.166009995,0.081787459,0.234418486,0.132002461,0.032446861
-2071.778086_3745.402956,0.328543925,0.151670307,0.090784527,0.146225339,0.2431372,0.039638703
-2071.778086_3845.402956,0.324103832,0.034844484,0.360382165,0.173365965,0.106941495,0.000362058
-2071.778086_3945.402956,0.237617442,0.034561062,0.29039373,0.288775051,0.148565517,8.72E-05
-2071.778086_4045.402956,0.343748051,6.94E-05,0.271062361,0.191365244,0.177070809,0.016684139
-2071.778086_4145.402956,0.029344305,0.000520791,0.444713278,0.273987163,0.232347717,0.019086746
-2071.778086_4245.402956,0.36208055,0.000304168,0.398848,0.180764407,0.0188661,0.039136774
-2171.778086_2745.402956,0.478800114,0.00630713,0.000192089,0.094973228,0.107008881,0.312718559
-2171.778086_2845.402956,0.364153402,0.309719418,0.13670813,0.159090731,0.030079492,0.000248827
-2171.778086_2945.402956,0.247380893,0.003262552,0.111787473,0.176583176,0.171382066,0.289603841
-2171.778086_3045.402956,0.417381539,0.094276836,0.066901288,0.081084893,0.339854316,0.000501127
-2171.778086_3145.402956,0.279895862,0.053749917,0.289027517,0.068370874,0.087441681,0.221514149
-2171.778086_3245.402956,0.345334383,0.168513545,0.001225999,0.067850452,0.27790666,0.139168961
-2171.778086_3345.402956,0.414955865,0.114942915,0.245543671,0.092198484,0.018953422,0.113405644
-2171.778086_3445.402956,0.334560689,0.068856547,0.47401184,0.091738613,0.03070359,0.000128721
-2171.778086_3545.402956,0.364095745,0.096726211,0.421892797,0.091854833,0.025189345,0.000241068
-2171.778086_3645.402956,0.32270067,0.000168059,0.467513923,0.18050215,0.025681347,0.003433852
-2171.778086_3745.402956,0.487797235,0.044814514,0.156233155,0.099835,0.052547351,0.158772745
-2171.778086_3845.402956,0.490096314,0.093531194,0.218871726,0.13097501,0.009646955,0.056878801
-2171.778086_3945.402956,0.404156498,0.10107206,0.125453381,0.148071187,0.003142846,0.218104028
-2171.778086_4045.402956,0.396327214,0.0003407,0.243276615,0.143727072,0.012208657,0.204119742
-2171.778086_4145.402956,0.314203738,0.209029965,0.009347211,0.159762556,0.02388887,0.283767661
-2171.778086_4245.402956,0.23056837,0.000102872,0.300032964,0.109754731,0.021470542,0.33807052
-2271.778086_2745.402956,0.529605266,1.31E-07,1.31E-07,0.076545043,0.226806517,0.167042911
-2271.778086_2845.402956,0.324877212,0.119246271,0.093225705,0.175912018,0.24593406,0.040804734
-2271.778086_2945.402956,0.465409053,0.211149029,0.1271596,0.139044826,0.004766919,0.052470574
-2271.778086_3045.402956,0.126118669,6.58E-05,0.405631989,0.255936245,0.01589919,0.196348129
-2271.778086_3145.402956,0.433702958,0.049685921,0.167569056,0.087573837,0.261408039,6.02E-05
-2271.778086_3245.402956,0.302002446,0.000170046,0.271111937,0.084889155,0.246091419,0.095734996
-2271.778086_3345.402956,0.22328018,0.150699266,0.444717293,0.16547983,0.014470012,0.001353419
-2271.778086_3445.402956,0.201292002,0.087592957,0.306537225,0.108053959,0.024915932,0.271607924
-2271.778086_3545.402956,0.186359687,9.72E-05,0.69701693,0.101533574,0.00523656,0.009756088
-2271.778086_3645.402956,0.316961421,2.51E-05,0.065519841,0.064370253,0.157146763,0.395976611
-2271.778086_3745.402956,0.451385677,0.149935045,0.076030586,0.088490705,0.025656528,0.208501458
-2271.778086_3845.402956,0.243430867,0.202647928,0.168226299,0.26203643,0.046461345,0.077197131
-2271.778086_3945.402956,0.283597303,0.000447984,0.183175353,0.147497992,0.195201324,0.190080044
-2271.778086_4045.402956,0.455781381,0.195154336,0.110673416,0.22080842,0.017066125,0.000516321
-2271.778086_4145.402956,0.416600403,0.000164143,0.108274532,0.086955764,0.156275804,0.231729355
-2271.778086_4245.402956,0.261506611,0.051253682,8.36E-05,0.037528552,0.205966913,0.443660692
-2371.778086_2745.402956,0.554496645,0.074738234,0.010870323,0.297243808,0.062186476,0.000464515
-2371.778086_2845.402956,0.341287824,0.307511713,0.052832873,0.137507926,0.093688291,0.067171374
-2371.778086_2945.402956,0.40233746,0.000129862,0.409026398,0.132661942,0.03648075,0.019363589
-2371.778086_3045.402956,0.209847743,0.00010574,0.560154933,0.122246214,0.106759429,0.000885941
-2371.778086_3145.402956,0.35098342,0.000161348,0.43955024,0.178830186,0.030313458,0.000161348
-2371.778086_3245.402956,0.402388705,7.70E-05,0.421329655,0.127483005,0.048644605,7.70E-05
-2371.778086_3345.402956,0.337317181,0.201899761,0.30229107,0.077803991,0.057760643,0.022927355
-2371.778086_3445.402956,0.345362065,0.00052304,0.256535616,0.115794449,0.179783104,0.102001727
-2371.778086_3545.402956,0.384850964,0.064615792,0.314211233,0.20090153,0.035218324,0.000202158
-2371.778086_3645.402956,0.286876346,0.02304359,0.325263035,0.10171948,0.025706486,0.237391063
-2371.778086_3745.402956,0.366357959,0.000129576,0.178896255,0.097049384,0.137347671,0.220219154
-2371.778086_3845.402956,0.258490563,0.063496595,0.376008396,0.186424127,0.017382038,0.098198282
-2371.778086_3945.402956,0.242251592,0.15621743,0.391158122,0.163876536,0.045899856,0.000596464
-2371.778086_4045.402956,0.522545463,2.20E-05,0.138805946,0.123008209,0.05281335,0.162805041
-2371.778086_4145.402956,0.41936695,4.38E-05,0.1038508,0.041373073,0.010346562,0.425018797
-2371.778086_4245.402956,0.07777331,0.021386212,0.000998197,0.051191985,0.176586675,0.672063621
-2471.778086_2745.402956,0.18148847,0.099569716,0.163979214,0.201404246,0.352180844,0.001377509
-2471.778086_2845.402956,0.413383269,0.158249717,0.205010868,0.179267282,0.043719249,0.000369615
-2471.778086_2945.402956,0.296725674,7.29E-05,0.332275587,0.193675419,0.034280027,0.142970365
-2471.778086_3045.402956,0.290428924,0.105980451,0.160337284,0.208507035,0.035083015,0.19966329
-2471.778086_3145.402956,0.382329703,0.000394496,0.345302596,0.123369702,0.130735257,0.017868245
-2471.778086_3245.402956,0.344026245,2.52E-05,0.344381115,0.197178651,0.085230952,0.02915783
-2471.778086_3345.402956,0.442816918,0.00016723,0.372593778,0.170276776,0.003420223,0.010725075
-2471.778086_3445.402956,0.305677013,0.177532979,0.294494155,0.185094668,0.037017424,0.000183761
-2471.778086_3545.402956,0.36663093,0.099310007,0.383326932,0.136858137,0.013852593,2.14E-05
-2471.778086_3645.402956,0.309448475,0.0476138,0.142809996,0.190207539,0.254780801,0.055139389
-2471.778086_3745.402956,0.295399937,0.000872754,0.367754912,0.273107391,0.037853991,0.025011014
-2471.778086_3845.402956,0.325805413,0.211886849,0.261212551,0.166909264,0.03005366,0.004132264
-2471.778086_3945.402956,0.44686029,0.014107138,0.119508028,0.146758699,0.190887864,0.081877982
-2471.778086_4045.402956,0.496651217,0.193245984,0.000152251,0.07587762,0.217728383,0.016344544
-2471.778086_4145.402956,0.360914577,0.182878601,0.00017671,0.011040725,0.19619532,0.248794066
-2471.778086_4245.402956,0.291489532,0.036938819,2.19E-05,0.044599051,2.19E-05,0.626928812
-2571.778086_2745.402956,0.077302154,0.000897517,0.507493911,0.186591406,0.065788566,0.161926445
-2571.778086_2845.402956,0.397421301,0.108086069,0.09066495,0.122874297,0.207300426,0.073652957
-2571.778086_2945.402956,0.163632103,0.268806447,0.408111116,0.12011099,0.010125929,0.029213415
-2571.778086_3045.402956,0.302394817,0.080538555,0.35542615,0.146497299,0.111692099,0.00345108
-2571.778086_3145.402956,0.16318425,0.130181907,0.256209898,0.237819057,0.134982053,0.077622835
-2571.778086_3245.402956,0.311252884,7.23E-05,0.480127362,0.143540485,0.024963566,0.040043432
-2571.778086_3345.402956,0.23131998,0.128914886,0.288580613,0.121964706,0.228597793,0.000622022
-2571.778086_3445.402956,0.373536248,0.152751678,0.221077758,0.171480263,0.029752157,0.051401897
-2571.778086_3545.402956,0.297905169,0.138603768,0.352550645,0.106325535,0.104110984,0.000503899
-2571.778086_3645.402956,0.316748955,0.070149336,0.251367537,0.188344752,0.173297359,9.21E-05
-2571.778086_3745.402956,0.349119292,0.073460573,0.200147651,0.355011649,0.018830739,0.003430096
-2571.778086_3845.402956,0.366427842,0.008022619,0.276520393,0.221792837,0.127055958,0.000180352
-2571.778086_3945.402956,0.351189055,0.101341302,0.219707855,0.143039865,0.184551266,0.000170658
-2571.778086_4045.402956,0.241768287,0.000783364,0.000783364,0.03801027,0.000783364,0.71787135
-2571.778086_4145.402956,0.293059015,0.132748406,5.81E-05,0.088126831,0.07339524,0.412612445
-2571.778086_4245.402956,0.083175136,0.000307495,0.364080733,0.074732428,0.010756098,0.46694811
-2671.778086_2745.402956,0.388211442,0.000564445,0.045485769,0.082375241,0.374231524,0.109131579
-2671.778086_2845.402956,0.423318823,0.00037665,0.279834839,0.040526114,0.036588796,0.219354778
-2671.778086_2945.402956,0.181154953,0.253134008,0.010915931,0.028129579,0.000226194,0.526439335
-2671.778086_3045.402956,0.399134435,0.146972586,0.295237005,0.121451168,0.036309717,0.000895089
-2671.778086_3145.402956,0.635255849,0.010025926,0.000184344,0.064521553,0.287471079,0.00254125
-2671.778086_3245.402956,0.658595849,0.000997889,0.15889556,0.176853187,0.003659626,0.000997889
-2671.778086_3345.402956,0.255612441,0.000403734,0.611287576,0.10441154,0.008951503,0.019333207
-2671.778086_3445.402956,0.29813831,0.088735758,0.305459315,0.114995594,0.06261206,0.130058963
-2671.778086_3545.402956,0.407878762,0.000849601,0.429365872,0.136687242,0.024368921,0.000849601
-2671.778086_3645.402956,0.609324719,0.172995647,0.051356433,0.130035634,0.035738603,0.000548964
-2671.778086_3745.402956,0.34604324,0.154875876,0.252242346,0.167891295,0.078344968,0.000602275
-2671.778086_3845.402956,0.529182746,0.256911375,0.018966737,0.145729663,0.048594364,0.000615115
-2671.778086_3945.402956,0.503834573,0.028055082,8.14E-05,0.024603471,0.236861142,0.206564288
-2671.778086_4045.402956,0.289409234,0.000501775,0.000501775,0.019287135,0.044785554,0.645514527
-2671.778086_4145.402956,0.147424986,0.000285795,0.000285795,0.001855078,0.012564663,0.837583684
-2671.778086_4245.402956,0.838124028,0.000367113,0.160407519,0.000367113,0.000367113,0.000367113
-2771.778086_2745.402956,0.631351213,0.000299619,0.147526867,0.123814034,0.080878688,0.016129578
-2771.778086_2845.402956,0.199653186,0.000820956,0.380681134,0.039414726,0.304128523,0.075301475
-2771.778086_2945.402956,0.389790007,0.165181288,0.164386453,0.012927,0.266961912,0.000753341
-2771.778086_3045.402956,0.460790774,0.027765127,0.286890666,0.082953514,0.121229458,0.02037046
-2771.778086_3145.402956,0.55050683,0.084877157,0.222141211,0.046570494,0.095611922,0.000292386
-2771.778086_3245.402956,0.294196648,0.000569918,0.31677832,0.138046963,0.23847153,0.011936622
-2771.778086_3345.402956,0.530180386,0.163596745,0.189277547,0.100937491,0.015711294,0.000296536
-2771.778086_3445.402956,0.518535799,0.000106656,0.403057788,0.078086446,0.000106656,0.000106656
-2771.778086_3545.402956,0.561238315,0.000257298,0.330453062,0.088341643,0.019452385,0.000257298
-2771.778086_3645.402956,0.42216833,0.072285494,0.210809508,0.145516618,0.149133368,8.67E-05
-2771.778086_3745.402956,0.663416141,0.000408014,0.138821946,0.175061193,0.021884693,0.000408014
-2771.778086_3845.402956,0.370847124,0.209505759,0.193983677,0.103924922,0.047459994,0.074278524
-2771.778086_3945.402956,0.126018807,8.08E-06,8.08E-06,0.02726375,8.08E-06,0.846693211
-2771.778086_4045.402956,0.216052047,0.074483308,0.000825533,0.000825533,0.046812475,0.661001104
-2771.778086_4145.402956,0.11363494,0.064640634,0.001561901,0.001561901,0.055442476,0.763158148
-2771.778086_4245.402956,0.412039227,0.001416586,0.334767156,0.001416586,0.075784908,0.174575536
-2871.778086_2745.402956,0.217485238,0.065732319,0.455405387,0.188479388,0.044439096,0.028458572
-2871.778086_2845.402956,0.3191774,0.000716725,0.255082537,0.077577367,0.234573149,0.112872822
-2871.778086_2945.402956,0.325634584,0.05250757,0.327220443,0.20023508,0.060765403,0.03363692
-2871.778086_3045.402956,0.220123879,0.114576592,0.339746057,0.209174413,0.110913454,0.005465606
-2871.778086_3145.402956,0.244183948,7.77E-05,0.471989533,0.130690457,0.127888395,0.025169939
-2871.778086_3245.402956,0.262529154,0.029722761,0.337285833,0.083280367,0.286463601,0.000718284
-2871.778086_3345.402956,0.286929738,0.000189344,0.421161115,0.176746404,0.069315302,0.045658097
-2871.778086_3445.402956,0.236688371,0.000272101,0.482331192,0.120112901,0.010845345,0.14975009
-2871.778086_3545.402956,0.280469962,0.000143554,0.159478004,0.277282746,0.114971756,0.167653978
-2871.778086_3645.402956,0.396573271,0.028173308,0.165004126,0.214673624,0.012692493,0.182883178
-2871.778086_3745.402956,0.442848009,0.023903644,0.247168683,0.224438683,0.061498752,0.000142229
-2871.778086_3845.402956,0.559574802,0.148056644,0.112712426,0.152998988,0.026517226,0.000139913
-2871.778086_3945.402956,0.467270901,0.075768829,0.000344466,0.144361232,0.004210571,0.308044
-2871.778086_4045.402956,0.236613598,0.000558579,0.000558579,0.000558579,0.041082947,0.72062772
-2871.778086_4145.402956,0.03560776,0.000401891,0.000401891,0.000401891,0.014497448,0.94868912
-2871.778086_4245.402956,0.418581304,0.388772371,0.000946566,0.000946566,0.189806628,0.000946566
-2971.778086_2745.402956,0.485633787,0.061676179,0.195921871,0.216030418,0.04016273,0.000575015
-2971.778086_2845.402956,0.320730133,0.098144728,0.232078487,0.237014027,0.081306345,0.03072628
-2971.778086_2945.402956,0.413042942,0.089663871,0.227983744,0.167958276,0.101327981,2.32E-05
-2971.778086_3045.402956,0.323308706,0.108635305,0.278813602,0.19176767,0.097450006,2.47E-05
-2971.778086_3145.402956,0.261934808,0.131648076,0.333450947,0.219315579,0.05295531,0.000695279
-2971.778086_3245.402956,0.339328878,0.099035921,0.404510285,0.14016492,0.016869113,9.09E-05
-2971.778086_3345.402956,0.449429957,0.035115674,0.176682828,0.090582332,0.153178397,0.095010812
-2971.778086_3445.402956,0.222569929,0.07314652,0.294970129,0.234159319,0.175010045,0.000144059
-2971.778086_3545.402956,0.239999997,0.113397294,0.375195999,0.232939161,0.027649914,0.010817635
-2971.778086_3645.402956,0.301615271,0.10473649,0.473951075,0.097352703,0.022143004,0.000201457
-2971.778086_3745.402956,0.334610153,0.079670167,0.241762968,0.185618229,0.06703295,0.091305533
-2971.778086_3845.402956,0.387463608,0.078557038,0.232910061,0.243760452,0.053419273,0.003889567
-2971.778086_3945.402956,0.398919329,1.29E-05,0.324939669,0.115759221,0.041649373,0.11871953
-2971.778086_4045.402956,0.386391187,0.14251312,0.115368115,0.129444426,0.052753343,0.173529809
-2971.778086_4145.402956,0.436528512,0.067955602,0.06306487,0.162007617,0.027360672,0.243082728
-2971.778086_4245.402956,0.535382071,0.000130397,0.000130397,0.10269452,0.082521729,0.279140886
-3071.778086_2745.402956,0.451657195,0.06490097,0.21086406,0.209683774,0.025116626,0.037777375
-3071.778086_2845.402956,0.327994204,0.155168166,0.252127865,0.225434188,0.038720598,0.000554979
-3071.778086_2945.402956,0.326045626,0.203122724,0.246572253,0.12034938,0.017863387,0.086046631
-3071.778086_3045.402956,0.350527183,0.117588398,0.275393039,0.076072054,0.034713687,0.145705638
-3071.778086_3145.402956,0.413387302,0.170738301,0.228042667,0.100416806,0.038691499,0.048723426
-3071.778086_3245.402956,0.415044214,0.058376721,0.377772282,0.117987003,0.022682612,0.008137167
-3071.778086_3345.402956,0.345556217,0.026823563,0.211130482,0.101898237,0.232977532,0.081613968
-3071.778086_3445.402956,0.154711478,0.000482883,0.479726895,0.300662326,0.016048918,0.0483675
-3071.778086_3545.402956,0.324860411,0.131785165,0.259380751,0.091510911,0.136560836,0.055901926
-3071.778086_3645.402956,0.486703619,0.148396602,0.174436695,0.116547974,0.07308137,0.00083374
-3071.778086_3745.402956,0.321821584,0.000249434,0.398157688,0.183728179,0.007452899,0.088590216
-3071.778086_3845.402956,0.270334845,0.000215557,0.445032349,0.258367366,0.025834327,0.000215557
-3071.778086_3945.402956,0.585963227,8.00E-05,0.264461677,0.104964519,0.044450512,8.00E-05
-3071.778086_4045.402956,0.437157531,0.087260474,0.206401386,0.172585405,0.016214703,0.080380502
-3071.778086_4145.402956,0.311846607,0.178267086,0.000242218,0.056592164,0.073668767,0.379383158
-3071.778086_4245.402956,0.180971507,0.081513687,2.98E-05,0.003103169,2.98E-05,0.734351982
-3171.778086_2745.402956,0.478311381,0.089114535,0.125830627,0.165580107,0.047785197,0.093378153
-3171.778086_2845.402956,0.37151133,0.064655581,0.160451461,0.125886852,0.026460851,0.251033924
-3171.778086_2945.402956,0.499382595,0.108226455,0.113630823,0.058480792,0.005651047,0.214628288
-3171.778086_3045.402956,0.228634764,0.14036575,0.170935608,0.158822532,0.017982736,0.28325861
-3171.778086_3145.402956,0.283685217,0.134420639,0.279060408,0.164220272,0.05234096,0.086272504
-3171.778086_3245.402956,0.199818678,0.171387824,0.051290965,0.125972471,0.224841027,0.226689035
-3171.778086_3345.402956,0.393358735,0.082251684,0.219544443,0.247998535,0.03636391,0.020482692
-3171.778086_3445.402956,0.443204728,0.206987831,0.045946614,0.098840112,0.204961439,5.93E-05
-3171.778086_3545.402956,0.254038325,0.154189765,0.243216236,0.147601083,0.200781785,0.000172807
-3171.778086_3645.402956,0.451664205,4.74E-05,0.397642203,0.120571571,0.008060856,0.022013779
-3171.778086_3745.402956,0.409073601,0.035978326,0.381913637,0.126101285,0.046861388,7.18E-05
-3171.778086_3845.402956,0.203981537,0.064348548,0.547995026,0.15163397,0.031870178,0.000170742
-3171.778086_3945.402956,0.242694957,0.043971023,0.372316333,0.268554906,0.061693011,0.01076977
-3171.778086_4045.402956,0.457019683,0.133561478,0.111640437,0.233469683,0.060487561,0.003821158
-3171.778086_4145.402956,0.372660744,0.134155358,0.000217329,0.099432195,0.020631361,0.372903013
-3171.778086_4245.402956,0.184657884,0.072802181,0.105666534,0.068928648,0.101239331,0.466705422
-3271.778086_2745.402956,0.498560253,0.012781542,0.157073873,0.184207464,0.054507856,0.092869013
-3271.778086_2845.402956,0.381204744,0.223623788,0.232318405,0.144855987,0.017733736,0.000263341
-3271.778086_2945.402956,0.473322272,0.079003433,0.334574679,0.078151949,0.034872673,7.50E-05
-3271.778086_3045.402956,0.206912608,0.040971571,0.234962244,0.077984096,0.124494508,0.314674973
-3271.778086_3145.402956,0.31044878,0.000374474,0.371630297,0.141840507,0.000374474,0.175331467
-3271.778086_3245.402956,0.357099453,0.092194309,0.071793077,0.190355789,0.03310052,0.255456851
-3271.778086_3345.402956,0.232989507,0.104424723,0.221672849,0.138613591,0.017232869,0.285066461
-3271.778086_3445.402956,0.389462097,0.188915418,0.097554896,0.126655305,0.076430515,0.120981768
-3271.778086_3545.402956,0.101645539,0.09248621,0.531941473,0.175198766,0.087862317,0.010865694
-3271.778086_3645.402956,0.206526135,6.01E-05,0.333729507,0.137313142,0.317437199,0.004933933
-3271.778086_3745.402956,0.511871787,6.49E-05,0.281771395,0.116271238,0.089927635,9.30E-05
-3271.778086_3845.402956,0.076049483,0.028191968,0.279038462,0.083009093,0.455586787,0.078124206
-3271.778086_3945.402956,0.379635745,9.43E-05,0.224337377,0.355364639,0.023246083,0.017321882
-3271.778086_4045.402956,0.407828879,0.053247446,0.216388846,0.187388822,0.134915579,0.000230428
-3271.778086_4145.402956,0.235664036,8.30E-05,0.285342631,0.135386612,0.074888374,0.268635382
-3271.778086_4245.402956,0.401795322,0.047286712,0.104258295,0.108244885,0.012006864,0.326407921
-3371.778086_2745.402956,0.402310974,0.013449074,0.161195881,0.096107479,0.01783136,0.309105231
-3371.778086_2845.402956,0.386765044,0.163960071,0.154893261,0.082605521,0.054726348,0.157049755
-3371.778086_2945.402956,0.253119244,0.054596405,0.241345586,0.084645679,0.000135325,0.366157761
-3371.778086_3045.402956,0.318576805,0.113205693,0.081157,0.180903118,0.305943766,0.000213618
-3371.778086_3145.402956,0.315537555,0.163182411,0.064742995,0.059707802,0.003528997,0.39330024
-3371.778086_3245.402956,0.278741187,0.043249988,0.236530336,0.158074177,0.283078557,0.000325755
-3371.778086_3345.402956,0.055489097,0.068407443,0.427311552,0.091524743,0.319581239,0.037685927
-3371.778086_3445.402956,0.286484961,0.000286648,0.234239867,0.135628786,0.197528441,0.145831297
-3371.778086_3545.402956,0.367805455,0.000497454,0.202618083,0.054812241,0.208360448,0.165906318
-3371.778086_3645.402956,0.381643451,0.072745918,0.201219263,0.175514088,0.022955795,0.145921483
-3371.778086_3745.402956,0.338206745,0.000431528,0.294408438,0.177801135,0.036973371,0.152178784
-3371.778086_3845.402956,0.336934812,0.000134708,0.306221522,0.193786205,0.162788046,0.000134708
-3371.778086_3945.402956,0.462733443,0.174427987,0.109006171,0.200974027,0.007413554,0.045444817
-3371.778086_4045.402956,0.296496088,0.212200756,0.121749676,0.152830157,0.216267309,0.000456014
-3371.778086_4145.402956,0.201354896,0.000183233,0.626816825,0.163709775,0.000183233,0.007752038
-3371.778086_4245.402956,0.521907824,0.000220004,0.257210364,0.068315499,0.006002882,0.146343427
-3471.778086_2745.402956,0.31195487,0.185065607,0.215395115,0.249720554,0.036741479,0.001122375
-3471.778086_2845.402956,0.274687339,0.173263792,2.27E-05,0.103241745,0.018332756,0.430451673
-3471.778086_2945.402956,0.168572905,0.078331155,0.000151918,0.093537077,0.325812257,0.333594687
-3471.778086_3045.402956,0.312871253,0.000113524,0.128512333,0.091710644,0.262243761,0.204548485
-3471.778086_3145.402956,0.376531757,0.000276104,0.232541966,0.161843163,0.030515254,0.198291756
-3471.778086_3245.402956,0.690262444,2.71E-05,3.17E-05,0.056575017,2.10E-05,0.25308283
-3471.778086_3345.402956,0.240805633,0.062251306,0.088020973,0.102940952,0.023159785,0.482821352
-3471.778086_3445.402956,0.28002177,0.129682936,0.09387927,0.138260046,0.068162249,0.289993729
-3471.778086_3545.402956,0.401268815,0.135316717,0.105298809,0.241710373,0.075894648,0.040510637
-3471.778086_3645.402956,0.376227168,0.000958689,0.133951614,0.316000195,0.033880132,0.138982201
-3471.778086_3745.402956,0.437769366,0.101155414,0.249174156,0.167806741,0.011155112,0.03293921
-3471.778086_3845.402956,0.281656851,0.000106062,0.277464721,0.169994984,0.008987625,0.261789757
-3471.778086_3945.402956,0.401626497,0.000832511,0.096356938,0.326861783,0.074311015,0.100011256
-3471.778086_4045.402956,0.438520336,0.022818987,0.311609929,0.090136876,0.072304318,0.064609552
-3471.778086_4145.402956,0.474699035,0.000351353,0.066113142,0.258141535,0.000351353,0.200343582
-3471.778086_4245.402956,0.252317199,0.000176801,0.293821043,0.301940818,0.151567338,0.000176801
1179.730793_2730.950073,0.391862404,0.223573333,0.00045942,0.176262373,0.013696642,0.194145827
1179.730793_2830.950073,0.448887492,0.000106928,0.195468006,0.227652979,0.000544626,0.127339969
1179.730793_2930.950073,0.300581391,0.00010526,0.147704638,0.009692272,0.015440706,0.526475733
1179.730793_3030.950073,0.202318276,0.202278346,0.26546482,0.145913958,0.065209921,0.118814679
1179.730793_3130.950073,0.559528222,0.033149942,0.045395846,0.173874901,0.187712838,0.000338251
1179.730793_3230.950073,0.345572791,0.000114252,0.184317474,0.096993726,0.000114252,0.372887504
1179.730793_3330.950073,0.495987271,0.151368686,0.152322536,0.139974125,0.018741606,0.041605775
1179.730793_3430.950073,0.299742472,0.000370091,0.256147453,0.184374455,0.000370091,0.258995436
1179.730793_3530.950073,0.293598457,0.00049339,0.374620076,0.261855065,0.050507454,0.018925558
1179.730793_3630.950073,0.159657696,0.094598612,0.546593058,0.105226842,0.093409324,0.000514467
1179.730793_3730.950073,0.382871907,9.04E-05,0.369705966,0.167805792,0.07943559,9.04E-05
1179.730793_3830.950073,0.330222507,0.0001657,0.259144255,0.1399876,0.083146486,0.187333452
1179.730793_3930.950073,0.186801759,0.118475659,0.49992588,0.164075742,0.030646403,7.46E-05
1179.730793_4030.950073,0.210927817,0.001283753,0.400813027,0.168463309,0.151967372,0.066544721
1179.730793_4130.950073,0.196481733,2.32E-05,0.522287207,0.27200912,0.007854551,0.001344205
1179.730793_4230.950073,0.293686126,0.110388623,0.249237135,0.316223674,0.029524077,0.000940365
1279.730793_2730.950073,0.444704901,0.033852574,8.76E-05,0.041419949,0.083830019,0.396104908
1279.730793_2830.950073,0.397329501,0.07615261,0.081243342,0.151259306,0.269746594,0.024268646
1279.730793_2930.950073,0.396006243,0.044899354,0.003507098,0.058623077,0.034123019,0.462841209
1279.730793_3030.950073,0.325835274,0.146646509,0.247949335,0.217568013,0.061724109,0.000276761
1279.730793_3130.950073,0.383970633,0.156044961,0.000309683,0.118271914,0.173974585,0.167428225
1279.730793_3230.950073,0.075478851,0.000374517,0.264821142,0.097394113,0.132142766,0.429788611
1279.730793_3330.950073,0.246681234,0.272685523,0.000473424,0.086866347,0.042986994,0.350306477
1279.730793_3430.950073,0.301745099,0.036529172,0.463960521,0.128959023,0.068197238,0.000608946
1279.730793_3530.950073,0.544779473,0.053875047,0.306691889,0.052244512,0.041853489,0.00055559
1279.730793_3630.950073,0.374597406,0.128972285,0.146563396,0.093528627,0.255920297,0.000417988
1279.730793_3730.950073,0.176646692,0.000183829,0.264524912,0.161818814,0.210865221,0.185960532
1279.730793_3830.950073,0.109799673,0.000705591,0.404950703,0.220940345,0.262898099,0.000705591
1279.730793_3930.950073,0.085378338,0.000163724,0.5443705,0.180523758,0.189399955,0.000163724
1279.730793_4030.950073,0.170448403,0.091366932,0.407923678,0.251902174,0.077513918,0.000844895
1279.730793_4130.950073,0.180430968,0.065368544,0.262148704,0.124706804,0.339729163,0.027615818
1279.730793_4230.950073,0.37381276,0.00042107,0.306593786,0.307930624,0.01082069,0.00042107
1379.730793_2730.950073,0.514411955,0.374146004,0.000207581,0.047102267,0.063924611,0.000207581
1379.730793_2830.950073,0.368571085,0.077613013,0.077211831,0.194198034,0.16507316,0.117332877
1379.730793_2930.950073,0.346406265,0.027706296,0.182226011,0.150338217,0.024330556,0.268992655
1379.730793_3030.950073,0.359448369,0.032112632,0.206331161,0.166975762,0.068593925,0.16653815
1379.730793_3130.950073,0.245404103,0.000287995,0.111343935,0.064111336,0.236188354,0.342664278
1379.730793_3230.950073,0.582158969,0.021995498,2.44E-05,0.114567583,0.04150591,0.239747612
1379.730793_3330.950073,0.354520158,0.035860722,0.303864688,0.111105761,0.074077974,0.120570697
1379.730793_3430.950073,0.419902207,0.000493668,0.383489494,0.130999662,0.0646213,0.000493668
1379.730793_3530.950073,0.294631672,0.108447357,0.202637707,0.098237198,0.295481069,0.000564997
1379.730793_3630.950073,0.486136519,0.00032256,0.285014871,0.186835639,0.04136785,0.00032256
1379.730793_3730.950073,0.108950436,0.000456926,0.209388418,0.313687898,0.090785561,0.276730762
1379.730793_3830.950073,0.23942678,0.00014326,0.474944479,0.272850585,0.012491636,0.00014326
1379.730793_3930.950073,0.313688598,0.229632293,0.325912893,0.099759081,0.030566332,0.000440802
1379.730793_4030.950073,0.538987719,6.41E-05,0.174063316,0.243591185,0.043237689,5.60E-05
1379.730793_4130.950073,0.216352467,0.000507518,0.333377752,0.186706539,0.025512463,0.237543261
1379.730793_4230.950073,0.146058647,0.107308196,0.304542456,0.055928635,0.032032413,0.354129654
1479.730793_2730.950073,0.288294231,0.096136846,0.176984074,0.159364295,0.274147684,0.005072869
1479.730793_2830.950073,0.361294086,0.107542827,0.178782784,0.177599793,0.11422348,0.060557029
1479.730793_2930.950073,0.206774117,0.025367952,0.085461212,0.098258764,0.537621165,0.04651679
1479.730793_3030.950073,0.335687241,9.99E-05,0.220122082,0.151477805,0.188499556,0.104113452
1479.730793_3130.950073,0.423288713,0.0474364,0.071110781,0.132023129,0.230098451,0.096042525
1479.730793_3230.950073,0.160315951,0.00098602,0.600145217,0.081635584,0.098334252,0.058582976
1479.730793_3330.950073,0.372112453,0.000322884,0.348046263,0.093335091,0.185860425,0.000322884
1479.730793_3430.950073,0.182371411,0.062578668,0.238467659,0.124720861,0.39173741,0.000123991
1479.730793_3530.950073,0.257007883,0.043154499,0.41194033,0.122681552,1.41E-05,0.165201603
1479.730793_3630.950073,0.250228367,0.000197003,0.378216625,0.29356357,0.028793885,0.049000549
1479.730793_3730.950073,0.213113969,0.030427489,0.342845412,0.193021408,0.200749993,0.019841729
1479.730793_3830.950073,0.329563471,0.110969397,0.341239772,0.192317035,0.025874388,3.59E-05
1479.730793_3930.950073,0.223722363,0.022908869,0.210866028,0.107115553,0.347715353,0.087671834
1479.730793_4030.950073,0.337409792,6.15E-05,0.219172506,0.302589277,0.140705502,6.15E-05
1479.730793_4130.950073,0.340431388,0.108100513,0.029638313,0.155217391,0.05858657,0.308025824
1479.730793_4230.950073,0.246305105,0.049302415,0.000104287,0.024578581,0.157890812,0.5218188
1579.730793_2730.950073,0.371049953,0.000628604,0.249406278,0.135585275,0.20529405,0.038035841
1579.730793_2830.950073,0.327989806,0.123312877,0.124232211,0.205718913,0.177226315,0.041519878
1579.730793_2930.950073,0.267437357,0.073363551,0.422406731,0.173303303,0.022900233,0.040588826
1579.730793_3030.950073,0.302628404,0.003003168,0.313634152,0.158301377,0.222134686,0.000298212
1579.730793_3130.950073,0.501712203,0.132544212,0.188101917,0.105026494,0.064985049,0.007630123
1579.730793_3230.950073,0.218880808,0.000110537,0.545891291,0.10683661,0.128170218,0.000110537
1579.730793_3330.950073,0.220802836,0.106766194,0.310298719,0.117691534,0.090146731,0.154293986
1579.730793_3430.950073,0.15256917,0.000221512,0.507680207,0.125755937,0.213123942,0.000649232
1579.730793_3530.950073,0.323170256,0.012030474,0.51625041,0.120108944,0.028341457,9.85E-05
1579.730793_3630.950073,0.208851827,0.119696092,0.378916548,0.244798438,0.032700805,0.01503629
1579.730793_3730.950073,0.267150008,6.43E-05,0.32634462,0.101931727,0.189255434,0.115253868
1579.730793_3830.950073,0.23368025,9.06E-06,0.575108233,0.177140587,0.014052814,9.06E-06
1579.730793_3930.950073,0.18240754,0.100447459,0.23479745,0.193512717,0.288359146,0.000475689
1579.730793_4030.950073,0.301746112,0.00065093,0.101544084,0.20917693,0.163427603,0.223454341
1579.730793_4130.950073,0.356876178,0.000446456,0.423306822,0.06467976,0.025533146,0.129157638
1579.730793_4230.950073,0.136557328,0.186143532,0.078018715,0.066072816,9.24E-05,0.533115202
1679.730793_2730.950073,0.191026027,0.035478893,0.553455881,0.188806424,0.030680065,0.000552711
1679.730793_2830.950073,0.270023266,0.073911782,0.097794156,0.191092181,0.273043272,0.094135344
1679.730793_2930.950073,0.313426081,0.189790644,0.344871085,0.10022131,0.051227868,0.000463011
1679.730793_3030.950073,0.365337451,0.257014342,0.149802693,0.160478618,0.055275599,0.012091298
1679.730793_3130.950073,0.261507422,0.094356972,0.206056466,0.151614065,0.262169698,0.024295376
1679.730793_3230.950073,0.204094765,0.074318123,0.300003962,0.149890086,0.016568198,0.255124865
1679.730793_3330.950073,0.448783289,0.108789617,0.290205053,0.104807834,0.037406768,0.010007439
1679.730793_3430.950073,0.37097788,0.054163864,0.265477438,0.164332629,0.063576102,0.081472085
1679.730793_3530.950073,0.371683289,0.027552094,0.254636619,0.15391885,0.16125567,0.030953478
1679.730793_3630.950073,0.458455195,0.098795225,0.286702619,0.128773358,0.027250128,2.35E-05
1679.730793_3730.950073,0.391355344,0.00033893,0.426180497,0.14673037,0.022413488,0.01298137
1679.730793_3830.950073,0.417798871,4.42E-05,0.37816633,0.082666528,0.002416063,0.118908044
1679.730793_3930.950073,0.163616608,0.000256152,0.331537614,0.214348935,0.155211577,0.135029114
1679.730793_4030.950073,0.463237974,0.134647689,0.051674324,0.158799375,0.021242297,0.170398341
1679.730793_4130.950073,0.415403762,0.180249221,0.000158024,0.116560285,0.159550215,0.128078493
1679.730793_4230.950073,0.456720522,0.067669961,0.088840003,0.057413707,2.71E-06,0.329353097
1779.730793_2730.950073,0.136800485,0.243127358,0.272104637,0.213319578,0.076253811,0.058394131
1779.730793_2830.950073,0.279535811,0.070827182,0.433978344,0.153124413,0.058363413,0.004170839
1779.730793_2930.950073,0.278719205,0.000443551,0.516541586,0.109322358,0.017984954,0.076988346
1779.730793_3030.950073,0.349508404,0.048581756,0.37585092,0.169256192,0.037289566,0.019513161
1779.730793_3130.950073,0.236009668,0.047902104,0.458549774,0.217514481,0.029278738,0.010745237
1779.730793_3230.950073,0.383430027,0.11771632,0.350189578,0.098372178,0.011333661,0.038958236
1779.730793_3330.950073,0.199888703,0.099142132,0.439686553,0.173771839,0.087317008,0.000193765
1779.730793_3430.950073,0.32229561,0.062792743,0.341428448,0.265847412,0.00747849,0.000157298
1779.730793_3530.950073,0.336971347,0.00010524,0.339484781,0.160855431,0.162477962,0.00010524
1779.730793_3630.950073,0.232392536,0.000308583,0.480047118,0.193490952,0.093452227,0.000308583
1779.730793_3730.950073,0.4266984,0.058291603,0.264650353,0.228127852,0.010887294,0.011344498
1779.730793_3830.950073,0.330379319,0.107593349,0.345925372,0.194213578,0.012211408,0.009676974
1779.730793_3930.950073,0.496745759,0.068426404,0.251741306,0.171377531,0.011646917,6.21E-05
1779.730793_4030.950073,0.697723525,0.000316796,0.170366107,0.100976497,0.030300279,0.000316796
1779.730793_4130.950073,0.522013857,0.187282822,0.155112919,0.062623261,0.072635358,0.000331784
1779.730793_4230.950073,0.805494117,2.26E-05,1.59E-05,0.008758269,0.005961265,0.179747947
1879.730793_2730.950073,0.602299712,0.000469039,0.175790093,0.095945237,0.030470663,0.095025255
1879.730793_2830.950073,0.124882309,0.000277527,0.580491062,0.175542178,0.102657437,0.016149487
1879.730793_2930.950073,0.35293631,0.146938143,0.357496143,0.10259001,0.038793911,0.001245484
1879.730793_3030.950073,0.187027554,0.190035742,0.347724157,0.19129704,0.071333876,0.012581631
1879.730793_3130.950073,0.486510451,0.017717574,0.352113251,0.122180103,0.011490662,0.009987959
1879.730793_3230.950073,0.32203909,0.113264924,0.347797994,0.132532031,0.083953601,0.000412361
1879.730793_3330.950073,0.466131492,0.05262145,0.165939242,0.100037928,0.207796467,0.007473422
1879.730793_3430.950073,0.257824027,0.131291851,0.238240804,0.134846932,0.237208823,0.000587563
1879.730793_3530.950073,0.479004928,0.00916123,0.220394449,0.112048441,0.172147569,0.007243383
1879.730793_3630.950073,0.255863758,0.058614464,0.433995882,0.207650132,0.043754243,0.000121522
1879.730793_3730.950073,0.196910518,0.168072013,0.473202593,0.132443888,0.028761696,0.000609293
1879.730793_3830.950073,0.619350782,0.139209704,0.119030404,0.108623596,0.010139995,0.003645519
1879.730793_3930.950073,0.173344362,0.000550847,0.688143419,0.081614295,0.034132816,0.022214261
1879.730793_4030.950073,0.98887254,0.000420857,0.000420857,0.009444032,0.000420857,0.000420857
1879.730793_4230.950073,0.864134418,0.135487453,9.45E-05,9.45E-05,9.45E-05,9.45E-05
1979.730793_2730.950073,0.294605313,0.268876815,0.000329055,0.000329055,0.117973023,0.317886737
1979.730793_2830.950073,0.405049517,0.14065969,0.243065904,0.125921987,0.083937562,0.00136534
1979.730793_2930.950073,0.374762199,0.058427054,0.39299311,0.138471737,0.034096763,0.001249136
1979.730793_3030.950073,0.182261689,0.039117575,0.562578569,0.148115658,0.052167741,0.015758767
1979.730793_3130.950073,0.205376779,0.00092764,0.57462263,0.105073795,0.021465675,0.092533481
1979.730793_3230.950073,0.377971612,0.204369215,0.188898268,0.104498016,0.123980909,0.000281979
1979.730793_3330.950073,0.455577009,0.000455913,0.433050753,0.094839764,0.015620647,0.000455913
1979.730793_3430.950073,0.441337828,0.144265971,0.237445861,0.122783066,0.053538932,0.000628342
1979.730793_3530.950073,0.196813744,0.011332458,0.352995843,0.065867516,0.003526215,0.369464224
1979.730793_3630.950073,0.467243135,0.062232571,0.368740488,0.093369442,0.006506973,0.001907391
1979.730793_3730.950073,0.530296094,0.065162566,0.22479143,0.131473771,0.035287206,0.012988933
1979.730793_3830.950073,0.710033517,0.000195166,0.149225437,0.11204327,0.006100835,0.022401775
1979.730793_3930.950073,0.463023308,0.000152869,0.425827022,0.110691061,0.000152869,0.000152869
1979.730793_4230.950073,0.983578585,9.02E-05,9.02E-05,9.02E-05,9.02E-05,0.016060488
2079.730793_2730.950073,0.142390886,0.000359992,0.000359992,0.000359992,0.000359992,0.856169144
2079.730793_2830.950073,0.218502538,0.00031251,0.464197942,0.121119338,0.19555516,0.00031251
2079.730793_2930.950073,0.323172102,0.063530993,0.382282494,0.127787535,0.103203036,2.38E-05
2079.730793_3030.950073,0.35049087,1.96E-05,0.42543753,0.131938926,0.064606511,0.027506546
2079.730793_3130.950073,0.166934842,0.121709289,0.511603796,0.156095081,0.043644366,1.26E-05
2079.730793_3230.950073,0.255986475,0.153908128,0.326969213,0.180735178,0.033405615,0.048995391
2079.730793_3330.950073,0.158537153,3.53E-05,0.389906456,0.161059583,0.183774807,0.106686689
2079.730793_3430.950073,0.236127298,9.09E-05,0.436212901,0.284702246,0.042759373,0.000107283
2079.730793_3530.950073,0.069006268,0.000244974,0.637241214,0.221768378,0.071494191,0.000244974
2079.730793_3630.950073,0.265018499,0.027715038,0.270280218,0.186638308,0.2327787,0.017569237
2079.730793_3730.950073,0.442429895,0.133931801,0.12653022,0.233035189,0.063534059,0.000538835
2079.730793_3830.950073,0.339235187,0.190773393,0.113977999,0.245088975,0.110623122,0.000301324
2079.730793_3930.950073,0.385795979,0.144559707,0.106509206,0.189955992,0.172919377,0.000259738
2079.730793_4030.950073,0.50691978,0.000437435,0.270666316,0.209631536,0.011907499,0.000437435
2079.730793_4130.950073,0.486582958,0.00980881,7.80E-05,0.045120164,0.097595652,0.360814394
2079.730793_4230.950073,0.463814213,7.27E-05,0.435989521,0.005718152,0.094332776,7.27E-05
2179.730793_2730.950073,0.100719018,0.10288176,0.000183369,0.000183369,0.139350296,0.656682188
