,Inhibitory,Excitatory,OD,Microglia,Endothelial,Astrocyte
-1971.778086_2745.402956,0.568212486,0.06001546,0.041950232,0.056566661,0.273255161,0
-1971.778086_2845.402956,0.568907998,0.114412222,0.062822117,0,0.214061212,0.039796451
-1971.778086_2945.402956,0.494937777,0.100323936,0.340350442,0,0.050713978,0.013673867
-1971.778086_3045.402956,0.421284896,0.12979733,0.154618173,0.050739955,0.243559647,0
-1971.778086_3145.402956,0.259778423,0.467183631,0.195557693,0.003744649,0.042445132,0.031290472
-1971.778086_3245.402956,0.570396494,0.105164428,0.059681031,0.003741439,0.225846381,0.035170227
-1971.778086_3345.402956,0.036257344,0.253351131,0.252213872,0.237218386,0.220959267,0
-1971.778086_3445.402956,0.088228536,0.477285666,0.150088129,0.070654946,0.213742723,0
-1971.778086_3545.402956,0.510774744,0.080015342,0.10245769,0,0.306752224,0
-1971.778086_3645.402956,0.305993433,0.030614321,0.559149409,0.057924429,0.029829015,0.016489392
-1971.778086_3745.402956,0,0.269737435,0.101268305,0.278347292,0.314116921,0.036530046
-1971.778086_3845.402956,0.021309701,0.174900534,0.34692451,0.037112379,0.419752876,0
-1971.778086_3945.402956,0,0.017807957,0.869581869,0.023352217,0.089257958,0
-1971.778086_4045.402956,0.4879384,0.009939527,0.075742284,0,0.426379788,0
-1971.778086_4145.402956,0.685130624,0.056518436,0.06962714,0.012968353,0.171674499,0.004080948
-1971.778086_4245.402956,0.18943885,0.020084696,0.771945828,0,0.018530626,0
-2071.778086_2745.402956,0.486315995,0.042884897,0.282477154,0.042129055,0.139044665,0.007148234
-2071.778086_2845.402956,0.369405121,0.066950191,0.486935513,0,0.076709175,0
-2071.778086_2945.402956,0.166718616,0.523811849,0.174552506,0.012320061,0.031210872,0.091386095
-2071.778086_3045.402956,0.003094223,0.800243866,0.169037357,0.004781301,0.014934958,0.007908295
-2071.778086_3145.402956,0.428153293,0.203665528,0.214698278,0.06048463,0.092998271,0
-2071.778086_3245.402956,0.152989502,0.055630135,0.444095546,0.053149998,0.284664479,0.00947034
-2071.778086_3345.402956,0.454691535,0.187285433,0.201218232,0.015743539,0.088722189,0.052339073
-2071.778086_3445.402956,0.063872785,0.293652324,0.167561613,0.03910467,0.374189298,0.061619309
-2071.778086_3545.402956,0,0.092365789,0.190319602,0.310984386,0.406330222,0
-2071.778086_3645.402956,0.550143374,0.103829361,0.201303093,0.017022486,0.127701685,0
-2071.778086_3745.402956,0.401332228,0.114618836,0.382565647,0.046098863,0.055384427,0
-2071.778086_3845.402956,0.236451282,0,0.689162824,0.012487569,0.061898326,0
-2071.778086_3945.402956,0.075684049,0.070095743,0.525252806,0.064366642,0.24590387,0.01869689
-2071.778086_4045.402956,0.042950246,0.015044666,0.887278209,0.017428245,0.037298635,0
-2071.778086_4145.402956,0.354872911,0.125235609,0.452434386,0.026024995,0.024825259,0.01660684
-2071.778086_4245.402956,0.023887029,0.202083567,0.076959869,0.358956755,0.338112779,0
-2171.778086_2745.402956,0.208233747,0.659541369,0.024295393,0.001541554,0.098020713,0.008367224
-2171.778086_2845.402956,0.320678183,0.266957471,0.248097694,0.077196224,0.087070428,0
-2171.778086_2945.402956,0.506091543,0.177807327,0.102209838,0.015894844,0.197996447,0
-2171.778086_3045.402956,0.056531662,0.842995539,0.055940555,0,0.027959613,0.01657263
-2171.778086_3145.402956,0.066985012,0.540718226,0.119159737,0.044672648,0.209969124,0.018495253
-2171.778086_3245.402956,0.072448984,0.838959789,0.064128169,0.024463058,0,0
-2171.778086_3345.402956,0.689526187,0.072024536,0.14000979,0.001396596,0.097042891,0
-2171.778086_3445.402956,0.072852182,0.018055201,0.519058367,0.112726997,0.269520837,0.007786416
-2171.778086_3545.402956,0.430698323,0.139919222,0.188735526,0.05469855,0.168243728,0.017704651
-2171.778086_3645.402956,0,0.25275744,0.444838324,0.04356368,0.235606168,0.023234387
-2171.778086_3745.402956,0.438362612,0.111735358,0.308264979,0,0.133751533,0.007885518
-2171.778086_3845.402956,0,0.055042647,0.766845398,0.042957911,0.125878025,0.009276019
-2171.778086_3945.402956,0.136527381,0.040528746,0.187131169,0.173225417,0.430698816,0.031888472
-2171.778086_4045.402956,0.284214036,0.190325626,0.211710374,0.110142379,0.203607586,0
-2171.778086_4145.402956,0.268307072,0.500435746,0.077391803,0,0.11220461,0.041660768
-2171.778086_4245.402956,0.003998889,0.138630244,0.225963355,0.070611511,0.560796002,0
-2271.778086_2745.402956,0.204409691,0.39669531,0.062598979,0.058524326,0.227652377,0.050119318
-2271.778086_2845.402956,0.043007206,0.05464832,0.563914825,0.097692763,0.228456833,0.012280053
-2271.778086_2945.402956,0.237451677,0.011148703,0.51320662,0,0.238193,0
-2271.778086_3045.402956,0.253700061,0.137614162,0.375620356,0,0.233065421,0
-2271.778086_3145.402956,0.220430748,0.005620506,0.723206793,0,0.050741953,0
-2271.778086_3245.402956,0.054232138,0.057229595,0.612864462,0.06376615,0.20634909,0.005558565
-2271.778086_3345.402956,0,0.14496214,0.58041056,0.073820485,0.177956081,0.022850733
-2271.778086_3445.402956,0.024365387,0.286450521,0.482987874,0.079911235,0.126284983,0
-2271.778086_3545.402956,0.246532222,0.467886897,0.028516766,0.011821546,0.231808189,0.01343438
-2271.778086_3645.402956,0.350835131,0.067530026,0.324285685,0.057157536,0.181055918,0.019135704
-2271.778086_3745.402956,0.467017133,0.347556719,0.062727112,0,0.122699036,0
-2271.778086_3845.402956,0.260885519,0.026345487,0.681989014,0,0.030779979,0
-2271.778086_3945.402956,0.169204942,0.043899666,0.164278778,0.081498519,0.541118095,0
-2271.778086_4045.402956,0.203407835,0.004508796,0.708634349,0,0.083449019,0
-2271.778086_4145.402956,0.013714952,0.362075831,0.119263927,0.069288902,0.350128231,0.085528157
-2271.778086_4245.402956,0.657708153,0.077731512,0.143978505,0.02359028,0.015696877,0.081294673
-2371.778086_2745.402956,0.661084956,0.127809775,0.129920778,0.028849138,0.052335353,0
-2371.778086_2845.402956,0.570130103,0.064252968,0.198766532,0.020944272,0.145906125,0
-2371.778086_2945.402956,0.019741097,0.135877203,0.661976427,0.038335095,0.144070178,0
-2371.778086_3045.402956,0.045330307,0.060251968,0.257990381,0.147264921,0.489162424,0
-2371.778086_3145.402956,0,0.275236954,0.416346533,0.157950578,0.150465935,0
-2371.778086_3245.402956,0.125773307,0.133931831,0.472196912,0.083834028,0.159742276,0.024521644
-2371.778086_3345.402956,0.003308631,0.028987028,0.938190224,0.020159582,0.009354536,0
-2371.778086_3445.402956,0.040650288,0.652492663,0.042447312,0.111597267,0.15281247,0
-2371.778086_3545.402956,0,0.017109357,0.814599975,0.011043247,0.157247421,0
-2371.778086_3645.402956,0.093168404,0.035543759,0.138439923,0.124412122,0.588693264,0.019742528
-2371.778086_3745.402956,0.010005774,0.145975853,0.157615774,0.058590756,0.569180168,0.058631675
-2371.778086_3845.402956,0.029577107,0.012370066,0.958052827,0,0,0
-2371.778086_3945.402956,0.62619788,0.032254772,0.149521958,0.016065681,0.175959708,0
-2371.778086_4045.402956,0.090463554,0.797869361,0.05121289,0.019308673,0.041145522,0
-2371.778086_4145.402956,0.397668488,0.408388697,0.156308939,0,0.037633877,0
-2371.778086_4245.402956,0.592561327,0.127606901,0.111995928,0.067073991,0.100761853,0
-2471.778086_2745.402956,0.673425645,0.05077986,0.207399478,0.007361456,0.061033561,0
-2471.778086_2845.402956,0,0.067644061,0.6541895,0.08905298,0.180636481,0.008476977
-2471.778086_2945.402956,0.078473931,0.121359077,0.633493471,0.024687705,0.141985816,0
-2471.778086_3045.402956,0.512034256,0.048295347,0.065198049,0.005262632,0.369209715,0
-2471.778086_3145.402956,0.22341758,0.430648279,0.106484734,0.086733545,0.152715863,0
-2471.778086_3245.402956,0.229632272,0.144073194,0.436642308,0.055443606,0.119191662,0.015016958
-2471.778086_3345.402956,0.188817483,0.161725511,0.357210634,0.092767898,0.174726492,0.024751982
-2471.778086_3445.402956,0.101874678,0.050620856,0.702737718,0.025310493,0.119456255,0
-2471.778086_3545.402956,0.259346791,0.016689757,0.546716952,0.041861267,0.128602581,0.006782652
-2471.778086_3645.402956,0.059506825,0.278212341,0.640059626,0.016759464,0.005461745,0
-2471.778086_3745.402956,0.040420987,0.055348888,0.56059721,0.086499645,0.257133269,0
-2471.778086_3845.402956,0.001250777,0.041824026,0.908007005,0.030161162,0.01875703,0
-2471.778086_3945.402956,0.107497961,0.250336731,0.346466988,0.066318686,0.220263038,0.009116595
-2471.778086_4045.402956,0.799567184,0.028467283,0.125620158,0.013617441,0.032727934,0
-2471.778086_4145.402956,0.530959088,0.383829014,0.042240306,0.010025506,0.02478535,0.008160736
-2471.778086_4245.402956,0.627856526,0.202473453,0.023123432,0,0.042578133,0.103968457
-2571.778086_2745.402956,0.328630621,0.295673245,0.151840823,0.008634701,0.112764151,0.102456459
-2571.778086_2845.402956,0,0,0.975893352,0,0.024106648,0
-2571.778086_2945.402956,0.037949004,0.125217754,0.657736289,0.147603676,0.031493277,0
-2571.778086_3045.402956,0.220856091,0.296492653,0.464965743,0,0.017685514,0
-2571.778086_3145.402956,0.026286082,0.302961186,0.226130713,0.329629842,0.114992176,0
-2571.778086_3245.402956,0.279392276,0.021928644,0.386608682,0.084363071,0.227707327,0
-2571.778086_3345.402956,0.099327936,0.095429575,0.781461501,0,0.023780988,0
-2571.778086_3445.402956,0,0.01221873,0.980850629,0,0.006930641,0
-2571.778086_3545.402956,0.343632421,0.068451379,0.509079931,0.022887645,0.041406768,0.014541855
-2571.778086_3645.402956,0.351741766,0.060568818,0.418520778,0.041287035,0.118535516,0.009346087
-2571.778086_3745.402956,0.365040271,0.136387213,0.334098712,0.06923886,0.095234944,0
-2571.778086_3845.402956,0.211020873,0.033587847,0.696531263,0.003567361,0.055292656,0
-2571.778086_3945.402956,0.482816066,0.119706379,0.248202326,0.047056758,0.102218471,0
-2571.778086_4045.402956,0.2586785,0.172049032,0.082680324,0.005165825,0.01763046,0.46379586
-2571.778086_4145.402956,0.504458696,0.157023668,0.043877357,0,0.175007562,0.119632716
-2571.778086_4245.402956,0.183502114,0.183866492,0.181934799,0.005978409,0.41571974,0.028998446
-2671.778086_2745.402956,0.004671973,0.301541263,0.160118065,0.25898636,0.177026552,0.097655787
-2671.778086_2845.402956,0.157024034,0.611806016,0.161322127,0,0.061957163,0.00789066
-2671.778086_2945.402956,0.510094882,0.339547638,0.040918081,0.012716444,0.074081802,0.022641155
-2671.778086_3045.402956,0.124658435,0.392463273,0.241814106,0.099504873,0.141559314,0
-2671.778086_3145.402956,0.030255723,0.545258747,0.027258381,0.118288434,0.256885948,0.022052765
-2671.778086_3245.402956,0.346470537,0.102818166,0.254417486,0.114843569,0.181450243,0
-2671.778086_3345.402956,0.051622296,0.430813696,0.082406041,0.02693982,0.297648849,0.110569298
-2671.778086_3445.402956,0.087337511,0.100644387,0.305957833,0.082164372,0.423895897,0
-2671.778086_3545.402956,0,0.305245829,0.308182286,0.131408197,0.23265294,0.022510747
-2671.778086_3645.402956,0.073202319,0.656181453,0.185028041,0.015564817,0,0.070023369
-2671.778086_3745.402956,0.501602832,0.255513318,0.073301748,0,0.153937655,0.015644447
-2671.778086_3845.402956,0.191288991,0.266137658,0.514247415,0,0.028325936,0
-2671.778086_3945.402956,0.284783721,0.010270036,0.06276176,0,0.642184483,0
-2671.778086_4045.402956,0,0.151550814,0.124892653,0.009295578,0.015857121,0.698403834
-2671.778086_4145.402956,0.175999744,0.053863077,0.184447012,0.014751991,0.026789877,0.544148299
-2671.778086_4245.402956,0.24652666,0.189782451,0.107114614,0.110457839,0.102157998,0.243960437
-2771.778086_2745.402956,0.005106784,0.489473529,0.460423235,0.016347157,0.028649295,0
-2771.778086_2845.402956,0.24417953,0.447639558,0.11567617,0.13316893,0.039699831,0.019635981
-2771.778086_2945.402956,0.075623876,0.681979465,0.148337676,0,0.00322065,0.090838332
-2771.778086_3045.402956,0.06910677,0.053340629,0.637111521,0.030481051,0.209960028,0
-2771.778086_3145.402956,0.080612924,0.441420215,0.342101168,0.008680814,0.127184879,0
-2771.778086_3245.402956,0.003420342,0.376084557,0.419468636,0.011733836,0.114544731,0.074747897
-2771.778086_3345.402956,0.272276854,0.024131299,0.445516196,0,0.25807565,0
-2771.778086_3445.402956,0.368245271,0.016511766,0.057327485,0.060013125,0.497902353,0
-2771.778086_3545.402956,0.036251051,0.743791177,0.045162114,0,0.15743026,0.017365398
-2771.778086_3645.402956,0.443694622,0.082164303,0.060340047,0.093304444,0.320496584,0
-2771.778086_3745.402956,0.492283007,0.044931548,0.134500215,0.032399045,0.262270541,0.033615644
-2771.778086_3845.402956,0.002588939,0.101096894,0.822231153,0.062415966,0.011667049,0
-2771.778086_3945.402956,0.035804849,0.472452517,0.276148532,0.010601667,0.007401732,0.197590703
-2771.778086_4045.402956,0,0.015508317,0.097808226,0.432326492,0,0.454356964
-2771.778086_4145.402956,0,0.267606348,0.156678664,0.420836977,0.030524138,0.124353873
-2771.778086_4245.402956,0.018337753,0.327878982,0.464321017,0.164603838,0.022117339,0.002741071
-2871.778086_2745.402956,0.259489922,0.161670307,0.451921367,0.019323392,0.107595013,0
-2871.778086_2845.402956,0.406645118,0.194576219,0.20279988,0.021782286,0.174196498,0
-2871.778086_2945.402956,0.269552503,0.02596818,0.675112467,0,0.029366849,0
-2871.778086_3045.402956,0.181081597,0.021055261,0.769690261,0,0.02817288,0
-2871.778086_3145.402956,0,0.588910852,0.275679365,0.027983549,0.007942009,0.099484224
-2871.778086_3245.402956,0.091968553,0.015628997,0.78143576,0.006208404,0.104758285,0
-2871.778086_3345.402956,0.115906528,0.177062572,0.38080135,0.072010382,0.240007517,0.014211651
-2871.778086_3445.402956,0.00799333,0.37808506,0.184397987,0.136704825,0.239876258,0.05294254
-2871.778086_3545.402956,0.198905553,0,0.368827206,0.036773263,0.395493977,0
-2871.778086_3645.402956,0.562282695,0.115393148,0.073135399,0.029295565,0.17456185,0.045331344
-2871.778086_3745.402956,0.289781673,0.201021286,0.422708069,0.012567679,0.073921293,0
-2871.778086_3845.402956,0.598685498,0.175142283,0.134115367,0.022932401,0.069124451,0
-2871.778086_3945.402956,0.069060418,0.499438176,0.205881792,0,0.044966434,0.18065318
-2871.778086_4045.402956,0.022098445,0.130489664,0.314536198,0.150919843,0.165875701,0.216080149
-2871.778086_4145.402956,0,0.113893074,0.415250682,0.064357535,0.121858081,0.284640628
-2871.778086_4245.402956,0.028482669,0.098264197,0.369001377,0.040678817,0.071491954,0.392080986
-2971.778086_2745.402956,0.370035543,0.067624478,0.323003677,0.063033103,0.157202381,0.019100818
-2971.778086_2845.402956,0,0.069742695,0.694844623,0.014089888,0.221322794,0
-2971.778086_2945.402956,0.28770796,0.041350461,0.627397319,0,0.04354426,0
-2971.778086_3045.402956,0.194430616,0.031014029,0.718597794,0.007410058,0.048547502,0
-2971.778086_3145.402956,0.198826064,0.057071952,0.570730256,0.053631568,0.108119622,0.011620538
-2971.778086_3245.402956,0.27164584,0.053597368,0.543190315,0.045560692,0.086005785,0
-2971.778086_3345.402956,0.477390608,0.091157141,0.04905419,0.016319869,0.360763098,0.005315095
-2971.778086_3445.402956,0.08690018,0.073160579,0.62001462,0.056984319,0.147888798,0.015051504
-2971.778086_3545.402956,0.006405663,0.006689819,0.955994721,0.014188829,0.016720968,0
-2971.778086_3645.402956,0,0.045011327,0.925005319,0.004239404,0.019860699,0.005883251
-2971.778086_3745.402956,0,0.010923601,0.973260396,0,0.015816004,0
-2971.778086_3845.402956,0.072108392,0.019214861,0.897485946,0,0.011190801,0
-2971.778086_3945.402956,0.629516436,0.029202893,0.194956691,0,0.13871316,0.007610819
-2971.778086_4045.402956,0.723247684,0.056948403,0.102199284,0,0.074445506,0.043159123
-2971.778086_4145.402956,0.265889225,0.099506578,0.536980904,0.039628986,0.057994307,0
-2971.778086_4245.402956,0.007262583,0.101176821,0.147151117,0.114083322,0.630326157,0
-3071.778086_2745.402956,0.264492827,0.015886409,0.675229617,0.006821842,0.037569304,0
-3071.778086_2845.402956,0.3668234,0.029928303,0.360266687,0.097845037,0.135668667,0.009467906
-3071.778086_2945.402956,0.00336985,0.215416092,0.751731966,0,0.029482092,0
-3071.778086_3045.402956,0.689008501,0.103524069,0.122428942,0,0.085038488,0
-3071.778086_3145.402956,0.133617004,0.012562498,0.815964786,0,0.037855712,0
-3071.778086_3245.402956,0.470841988,0.030539069,0.420119779,0.016942649,0.061556515,0
-3071.778086_3345.402956,0,0.035366055,0.68682625,0.055071255,0.22273644,0
-3071.778086_3445.402956,0.607481153,0.029971669,0.096841894,0.056739563,0.162973883,0.045991838
-3071.778086_3545.402956,0.619306473,0.064000676,0.218838452,0,0.09168586,0.00616854
-3071.778086_3645.402956,0.084118402,0.028267539,0.585677356,0.064617967,0.231150545,0.006168191
-3071.778086_3745.402956,0.391598503,0.111937659,0.129572208,0.02262146,0.339226725,0.005043445
-3071.778086_3845.402956,0.219183772,0.009736215,0.672838791,0.02285311,0.075388112,0
-3071.778086_3945.402956,0,0.030515324,0.931061059,0.009766541,0.015890141,0.012766936
-3071.778086_4045.402956,0.197034272,0.637151021,0.05794112,0,0.045109987,0.062763601
-3071.778086_4145.402956,0.678177389,0.156894467,0.095443051,0,0.033183963,0.03630113
-3071.778086_4245.402956,0.249187157,0.203681784,0.105898242,0,0.137618798,0.303614021
-3171.778086_2745.402956,0,0,0.985677819,0.004690786,0.009631396,0
-3171.778086_2845.402956,0.193462566,0.038549153,0.102393816,0.037498316,0.614188531,0.013907617
-3171.778086_2945.402956,0.622760398,0.188706854,0.077718023,0.037876202,0.055030105,0.017908419
-3171.778086_3045.402956,0.309891471,0.067353894,0.097354783,0.076685776,0.441964303,0.006749773
-3171.778086_3145.402956,0.615219856,0.048913583,0.143898605,0.060139317,0.13182864,0
-3171.778086_3245.402956,0.405108801,0.21601397,0.271465175,0.017045938,0.072577695,0.01778842
-3171.778086_3345.402956,0.330957032,0.009045478,0.211488148,0.039160434,0.409348908,0
-3171.778086_3445.402956,0.269395913,0.015825029,0.570986255,0.027798862,0.110784074,0.005209868
-3171.778086_3545.402956,0.027561815,0.013736692,0.93434749,0.005839129,0.018514874,0
-3171.778086_3645.402956,0,0.231399561,0.62256438,0.043697262,0.074035674,0.028303122
-3171.778086_3745.402956,0.238005601,0.021523124,0.666453453,0,0.074017823,0
-3171.778086_3845.402956,0.300446781,0.081494635,0.502781019,0.029521793,0.066664337,0.019091435
-3171.778086_3945.402956,0.013027571,0.240479331,0.478809648,0.109965861,0.15771759,0
-3171.778086_4045.402956,0,0.029568311,0.831583067,0.028513532,0.103779031,0.00655606
-3171.778086_4145.402956,0.649010054,0.123468251,0.076807917,0,0.136204926,0.014508851
-3171.778086_4245.402956,0.41604104,0.203444617,0.064847306,0.024675437,0.249612008,0.041379592
-3271.778086_2745.402956,0.008761141,0.10371719,0.197333615,0.04035571,0.593793271,0.056039072
-3271.778086_2845.402956,0.00545898,0.106956629,0.871560275,0,0.010734341,0.005289776
-3271.778086_2945.402956,0.172719018,0.1075829,0.7077652,0,0.011932882,0
-3271.778086_3045.402956,0.641744236,0.182449991,0.031203892,0.011074748,0.098139646,0.035387487
-3271.778086_3145.402956,0.00229766,0.240348502,0.129914555,0.075465215,0.433186359,0.118787709
-3271.778086_3245.402956,0.473821378,0.0642637,0.257862034,0.01358266,0.168420973,0.022049255
-3271.778086_3345.402956,0.540213196,0.113672827,0.184152494,0.03230084,0.129660642,0
-3271.778086_3445.402956,0.203503771,0.01277288,0.744093762,0,0.039629588,0
-3271.778086_3545.402956,0.04762227,0.199912411,0.233670599,0.104776747,0.364350358,0.049667615
-3271.778086_3645.402956,0,0.110494613,0.825377625,0.034971855,0.029155907,0
-3271.778086_3745.402956,0.005392305,0.055745574,0.089724058,0.064983939,0.738364118,0.045790007
-3271.778086_3845.402956,0.076888215,0.003104284,0.89367452,0.006707534,0.019625448,0
-3271.778086_3945.402956,0.004188466,0.232246923,0.247017815,0.230306206,0.28624059,0
-3271.778086_4045.402956,0.272591449,0.076139376,0.289736428,0.046543315,0.314989431,0
-3271.778086_4145.402956,0,0.053433564,0.458791656,0,0.48777478,0
-3271.778086_4245.402956,0.539512218,0.210993542,0.123293545,0.013528089,0.083720026,0.028952581
-3371.778086_2745.402956,0.570038699,0.063850665,0.142683,0.004673257,0.199297435,0.019456944
-3371.778086_2845.402956,0.672657899,0.133877987,0.071675371,0.003801978,0.100898375,0.017088389
-3371.778086_2945.402956,0.211991287,0.662715753,0.036307265,0.053152538,0.035833156,0
-3371.778086_3045.402956,0.067509816,0.010906573,0.895255655,0.003862242,0.022465715,0
-3371.778086_3145.402956,0.490282431,0.152881586,0.067626504,0.032240855,0.108846289,0.148122335
-3371.778086_3245.402956,0.187189433,0.048674823,0.511321513,0.078276582,0.157084499,0.01745315
-3371.778086_3345.402956,0.238397793,0.101270883,0.606277863,0,0.038405407,0.015648055
-3371.778086_3445.402956,0.013616479,0.037987522,0.500950256,0,0.445842664,0.001603078
-3371.778086_3545.402956,0.189306473,0.426042879,0.230829288,0.01438673,0.13943463,0
-3371.778086_3645.402956,0.025333226,0.049874816,0.271621291,0.13361404,0.51275212,0.006804507
-3371.778086_3745.402956,0,0.109304901,0.415398393,0.120301836,0.35499487,0
-3371.778086_3845.402956,0,0.045495823,0.903789722,0.021320263,0.019424621,0.009969571
-3371.778086_3945.402956,0,0.023670313,0.949011659,0.005882863,0.013203458,0.008231707
-3371.778086_4045.402956,0.204965306,0.038112395,0.729507897,0,0.027414402,0
-3371.778086_4145.402956,0.210968149,0.066430728,0.177062012,0.083899348,0.461639762,0
-3371.778086_4245.402956,0,0.08387634,0.157302793,0.452814416,0.30600645,0
-3471.778086_2745.402956,0.068376717,0.040292185,0.835981305,0.010784674,0.044565118,0
-3471.778086_2845.402956,0.765239717,0.096814771,0.063913504,0,0.068845646,0.005186362
-3471.778086_2945.402956,0.285734252,0.506147283,0.153911985,0.019989143,0.034217337,0
-3471.778086_3045.402956,0.58608977,0.044690694,0.174993653,0.003558305,0.190667577,0
-3471.778086_3145.402956,0.032204558,0.070132584,0.149909495,0.023933197,0.692674999,0.031145167
-3471.778086_3245.402956,0.016558398,0.138245551,0.107935971,0.018198775,0.698523179,0.020538127
-3471.778086_3345.402956,0.424215341,0.133150373,0.123636699,0.00569042,0.211391755,0.101915411
-3471.778086_3445.402956,0.47968902,0.195705292,0.115135298,0.016431637,0.163768916,0.029269837
-3471.778086_3545.402956,0.659348897,0.030662708,0.135977733,0.014639794,0.159370868,0
-3471.778086_3645.402956,0.150549637,0.041925837,0.067059331,0.123139817,0.597632865,0.019692514
-3471.778086_3745.402956,0.017370638,0.005515034,0.87531166,0.003679768,0.0981229,0
-3471.778086_3845.402956,0.053740188,0.22738062,0.237657449,0.060053537,0.421168206,0
-3471.778086_3945.402956,0,0.122768824,0.409699911,0.24120565,0.206683484,0.019642131
-3471.778086_4045.402956,0.330346194,0,0.476959531,0.006252457,0.186441818,0
-3471.778086_4145.402956,0.332191064,0.053982277,0.454931597,0.021497369,0.137397694,0
-3471.778086_4245.402956,0.16181363,0.240219225,0.410324582,0.052381615,0.117920019,0.017340929
1179.730793_2730.950073,0.331124721,0.47548588,0.067924255,0.015320688,0.045234294,0.064910163
1179.730793_2830.950073,0.016522775,0.066511514,0.674783482,0.014608619,0.100583631,0.12698998
1179.730793_2930.950073,0.509160547,0.135839942,0.062580108,0,0.292419404,0
1179.730793_3030.950073,0.277319074,0.049795209,0.445351762,0.009541675,0.21799228,0
1179.730793_3130.950073,0.113086507,0.006107641,0.802124178,0.012690259,0.065991415,0
1179.730793_3230.950073,0.022111112,0.137386831,0.207020065,0.071312796,0.505111384,0.057057812
1179.730793_3330.950073,0,0.152940875,0.549060422,0,0.297998703,0
1179.730793_3430.950073,0.033409462,0.072586539,0.241227781,0.126167392,0.514359086,0.01224974
1179.730793_3530.950073,0.341855955,0.267985983,0.06918964,0.202924177,0.118044245,0
1179.730793_3630.950073,0,0.102866921,0.7655208,0.047045393,0.07762659,0.006940296
1179.730793_3730.950073,0.014265731,0.190604153,0.381356672,0.083030719,0.330742725,0
1179.730793_3830.950073,0.034138089,0.333944042,0.09490369,0.044691954,0.313851925,0.178470301
1179.730793_3930.950073,0.108008687,0.406409945,0.167412102,0.21329009,0.104879176,0
1179.730793_4030.950073,0.418145187,0.037031422,0.057174142,0.060951089,0.42669816,0
1179.730793_4130.950073,0,0.108667724,0.441392749,0.069810516,0.380129011,0
1179.730793_4230.950073,0.187877581,0.032755661,0.697118229,0.018396475,0.055739628,0.008112426
1279.730793_2730.950073,0.263984072,0.375803194,0.036387375,0,0.076988868,0.246836491
1279.730793_2830.950073,0,0.017295624,0.76765648,0.030641403,0.184406492,0
1279.730793_2930.950073,0.034511048,0.862899336,0.077181298,0.025408319,0,0
1279.730793_3030.950073,0.373595006,0.090891818,0.452893408,0.023046683,0.029685507,0.029887578
1279.730793_3130.950073,0.59705612,0.038045023,0.118079537,0.026211207,0.186693388,0.033914724
1279.730793_3230.950073,0.319902214,0.057691515,0.09004487,0.031026483,0.325592978,0.17574194
1279.730793_3330.950073,0.106509423,0.820339665,0.01580007,0,0.01991578,0.037435063
1279.730793_3430.950073,0.076770329,0.10785071,0.711760787,0.073803642,0.029814532,0
1279.730793_3530.950073,0.368079924,0.167445992,0.047027048,0.092363929,0.298426775,0.026656332
1279.730793_3630.950073,0.22204197,0.017927993,0.604852519,0,0.092952264,0.062225254
1279.730793_3730.950073,0.548315261,0.127203289,0.253278783,0.005676256,0.065526411,0
1279.730793_3830.950073,0,0.046415069,0.122577356,0.085957033,0.660443645,0.084606897
1279.730793_3930.950073,0.091062125,0.292059521,0.380087081,0.103226359,0.110684061,0.022880853
1279.730793_4030.950073,0.323077674,0.138337311,0.394125456,0.048135533,0.096324026,0
1279.730793_4130.950073,0.135716784,0.131229502,0.610997547,0.084967979,0.037088187,0
1279.730793_4230.950073,0.194639202,0.260741152,0.177856894,0,0.255649465,0.111113287
1379.730793_2730.950073,0.666348562,0.100463892,0.163203156,0.001339764,0.068644627,0
1379.730793_2830.950073,0.481816603,0.055651827,0.382698831,0.021422254,0.058410485,0
1379.730793_2930.950073,0.508183995,0.025677485,0.0289857,0.069674029,0.36747879,0
1379.730793_3030.950073,0.406295789,0.091706925,0.038080882,0,0.463916404,0
1379.730793_3130.950073,0.560902144,0.138766581,0.048886654,0.039080165,0.212364455,0
1379.730793_3230.950073,0.441673619,0.077228525,0.07853161,0.061883158,0.305998631,0.034684457
1379.730793_3330.950073,0.257465925,0.022257017,0.680983574,0,0.039293484,0
1379.730793_3430.950073,0,0.144202105,0.604314833,0,0.143506638,0.107976424
1379.730793_3530.950073,0.147486907,0.514206828,0.317042967,0,0.021263298,0
1379.730793_3630.950073,0.094033867,0.134156735,0.689693686,0.003795637,0,0.078320075
1379.730793_3730.950073,0.009354834,0.177130974,0.189280169,0.354641523,0.195943404,0.073649096
1379.730793_3830.950073,0,0.123215828,0.731734052,0.038547136,0.094762198,0.011740785
1379.730793_3930.950073,0.54739661,0.061687385,0.246546941,0.058392883,0.085976181,0
1379.730793_4030.950073,0.055555331,0.043859421,0.318594782,0.155219162,0.426771305,0
1379.730793_4130.950073,0.43859715,0.130113882,0.104064088,0.016069661,0.283683543,0.027471676
1379.730793_4230.950073,0.582431703,0.292296431,0.037660738,0,0.079663363,0.007947766
1479.730793_2730.950073,0,0.081477743,0.91607258,0,0,0.002449677
1479.730793_2830.950073,0.114761863,0.058540505,0.365907489,0.024753037,0.387888957,0.048148148
1479.730793_2930.950073,0.169374754,0.254472525,0.539375319,0.004865608,0.010654141,0.021257653
1479.730793_3030.950073,0.178895095,0.118721704,0.107507059,0.084180717,0.484533924,0.026161501
1479.730793_3130.950073,0.320470822,0.456641866,0.083623204,0.021722482,0.039132445,0.078409181
1479.730793_3230.950073,0,0.131159595,0.046786513,0.13637449,0.471683171,0.213996231
1479.730793_3330.950073,0.421353716,0.177320992,0.160885643,0.069971142,0.159576634,0.010891873
1479.730793_3430.950073,0.209443246,0.028215567,0.737762505,0,0.024578682,0
1479.730793_3530.950073,0.63693258,0.172013405,0.052491363,0.003246067,0.105838892,0.029477693
1479.730793_3630.950073,0.036504122,0.382649443,0.425440595,0.06952088,0.08588496,0
1479.730793_3730.950073,0,0.113092772,0.63016688,0.011398878,0.241394575,0.003946894
1479.730793_3830.950073,0.493683035,0.219006495,0.23358138,0,0.053729089,0
1479.730793_3930.950073,0.205102759,0,0.079854662,0.047614966,0.667427613,0
1479.730793_4030.950073,0.15722521,0.206000698,0.086853392,0.243564722,0.293046251,0.013309726
1479.730793_4130.950073,0.433499408,0.123570233,0.191236503,0,0.251693856,0
1479.730793_4230.950073,0.140800155,0.491199158,0.213565045,0.006141456,0.144784782,0.003509405
1579.730793_2730.950073,0,0.092181108,0.907818892,0,0,0
1579.730793_2830.950073,0.011140152,0.386407485,0.383854452,0.158103768,0.060494142,0
1579.730793_2930.950073,0.001854867,0.104895062,0.872773797,0,0.018158975,0.0023173
1579.730793_3030.950073,0.323085778,0.1033156,0.244950661,0.085810063,0.222634661,0.020203238
1579.730793_3130.950073,0.135312804,0.059695429,0.72295037,0.017850343,0.031835408,0.032355646
1579.730793_3230.950073,0,0.178554356,0.563551254,0.083609532,0.153319365,0.020965493
1579.730793_3330.950073,0.476068806,0.060416258,0.091171868,0,0.372343069,0
1579.730793_3430.950073,0.213700877,0.083625872,0.344853173,0.055841061,0.301979017,0
1579.730793_3530.950073,0.344755046,0.161061408,0.333374293,0.020632518,0.120782861,0.019393875
1579.730793_3630.950073,0.180458914,0.037226532,0.734486244,0.007864804,0.039963506,0
1579.730793_3730.950073,0.530691671,0.226546204,0.071171387,0.082939176,0.053984411,0.03466715
1579.730793_3830.950073,0.213774154,0.575479485,0.099471277,0.036864275,0.074410808,0
1579.730793_3930.950073,0.112081253,0.154166531,0.506244288,0.113871111,0.113636817,0
1579.730793_4030.950073,0.573686923,0.14408717,0.047624864,0,0.167530156,0.067070887
1579.730793_4130.950073,0.223388691,0.196256429,0.153773385,0.023110916,0.262586132,0.140884447
1579.730793_4230.950073,0.654759366,0.206556709,0.110271974,0.008476521,0.017496038,0.002439392
1679.730793_2730.950073,0.576167397,0.071555587,0.211767608,0.023871348,0.110563959,0.0060741
1679.730793_2830.950073,0,0,1,0,0,0
1679.730793_2930.950073,0.039547393,0.010530039,0.9324874,0.004446218,0.012988951,0
1679.730793_3030.950073,0.184243206,0.090416586,0.692396209,0,0.032944,0
1679.730793_3130.950073,0,0.042825014,0.807854568,0.039135245,0.102968837,0.007216337
1679.730793_3230.950073,0.632698982,0.198463912,0.074268794,0.015301514,0.079266798,0
1679.730793_3330.950073,0.244408577,0.018783763,0.671606484,0.010584954,0.054616222,0
1679.730793_3430.950073,0.004214391,0.220610864,0.631526841,0.061188462,0.082459441,0
1679.730793_3530.950073,0,0.003007783,0.960120898,0,0.036871319,0
1679.730793_3630.950073,0.02624468,0.011100291,0.93154092,0.011676617,0.019437492,0
1679.730793_3730.950073,0.195874411,0.241354763,0.115249703,0.157066306,0.290454817,0
1679.730793_3830.950073,0.395087493,0.089178614,0.069842186,0.040956139,0.404935568,0
1679.730793_3930.950073,0.110306567,0.073883092,0.357474614,0.054881652,0.395291924,0.008162151
1679.730793_4030.950073,0.360382922,0.007083442,0.156520523,0.042366436,0.433646676,0
1679.730793_4130.950073,0.627599947,0.18293932,0.041833777,0.027985576,0.082274123,0.037367257
1679.730793_4230.950073,0.55979996,0.218098175,0.112211861,0.020775971,0.047282986,0.041831047
1779.730793_2730.950073,0.847990588,0.042039486,0.041692539,0.009312451,0.032321415,0.02664352
1779.730793_2830.950073,0,0.072887058,0.875075345,0.028697926,0.023339671,0
1779.730793_2930.950073,0,0.608672748,0.231897534,0.012040047,0.036139145,0.111250526
1779.730793_3030.950073,0.375158166,0.042594838,0.414935535,0.036939158,0.119601488,0.010770815
1779.730793_3130.950073,0.366298695,0.053685271,0.479031323,0.013297447,0.087687264,0
1779.730793_3230.950073,0.056971135,0.238529685,0.339645002,0.110796012,0.254058166,0
1779.730793_3330.950073,0.025801103,0.070740773,0.852753166,0.031759932,0.018945024,0
1779.730793_3430.950073,0.381832578,0.023426199,0.330068007,0.094750575,0.16992264,0
1779.730793_3530.950073,0.231946691,0.045323364,0.585292301,0.051607628,0.085830016,0
1779.730793_3630.950073,0.448717135,0.048506502,0.31670324,0.05652163,0.129551493,0
1779.730793_3730.950073,0.010561854,0.078888519,0.77349655,0.016058286,0.095396458,0.025598333
1779.730793_3830.950073,0,0.027612238,0.958814924,0.001282363,0.012290475,0
1779.730793_3930.950073,0.04627265,0.05893727,0.690899928,0.066218137,0.137672015,0
1779.730793_4030.950073,0.345894903,0.254358206,0.044140909,0.150694075,0.201046749,0.003865159
1779.730793_4130.950073,0.029814413,0.063090025,0.844300274,0,0.01949544,0.043299848
1779.730793_4230.950073,0.622539338,0.108355441,0.097952245,0.020545506,0.121287138,0.029320331
1879.730793_2730.950073,0.590361836,0.024633988,0.016679432,0.014322999,0.139284954,0.214716791
1879.730793_2830.950073,0,0.138800543,0.347252528,0.122513122,0.391433807,0
1879.730793_2930.950073,0.106830723,0.006327383,0.821589665,0.005066677,0.060185553,0
1879.730793_3030.950073,0,0.209332755,0.76404009,0.026627155,0,0
1879.730793_3130.950073,0.255931898,0.009237553,0.608856376,0.038841578,0.077622089,0.009510506
1879.730793_3230.950073,0.368758959,0.147786981,0.206459896,0.052792379,0.224201785,0
1879.730793_3330.950073,0.306084835,0.006932214,0.30999794,0.075372353,0.286626115,0.014986543
1879.730793_3430.950073,0,0.185592348,0.758385402,0.033168775,0.022853475,0
1879.730793_3530.950073,0.489213885,0.144511617,0.175947789,0.034767468,0.155559241,0
1879.730793_3630.950073,0.311770547,0.249371398,0.351856573,0.044513584,0.042487898,0
1879.730793_3730.950073,0.272678505,0.118921431,0.339686548,0.095958109,0.172755407,0
1879.730793_3830.950073,0.316505639,0.085425628,0.325155326,0,0.264125274,0.008788134
1879.730793_3930.950073,0.036275826,0.880299974,0.038095074,0.002692436,0.01818955,0.02444714
1879.730793_4030.950073,0.002034299,0.007869142,0.156857927,0,0.020219875,0.813018757
1879.730793_4230.950073,0.027448524,0.02997205,0.009104486,0,0.00797532,0.92549962
1979.730793_2730.950073,0.469991957,0.105347436,0.037379111,0.148511995,0.092405373,0.146364128
1979.730793_2830.950073,0,0.126020032,0.287856026,0.06092729,0.525196652,0
1979.730793_2930.950073,0.084364524,0.753246692,0.041744986,0.005995266,0.055249747,0.059398784
1979.730793_3030.950073,0.3053724,0.199091517,0.331187025,0.024749641,0.139599417,0
1979.730793_3130.950073,0.024851408,0.449089685,0.124900374,0.085594467,0.248210992,0.067353074
1979.730793_3230.950073,0.071025139,0.029278961,0.585368214,0.113723295,0.029676758,0.170927633
1979.730793_3330.950073,0,0.419880752,0.442517519,0.01095268,0.045794741,0.080854308
1979.730793_3430.950073,0.38385027,0.031810842,0.433232399,0.014834144,0.119441754,0.016830591
1979.730793_3530.950073,0.572824297,0.056644181,0.054657664,0.029623184,0.271236407,0.015014266
1979.730793_3630.950073,0.397575016,0.049640834,0.271215851,0.073508081,0.191858334,0.016201885
1979.730793_3730.950073,0.147794804,0.029666255,0.638424138,0.007309379,0.176805424,0
1979.730793_3830.950073,0.056264967,0.179559178,0.068332675,0.032709272,0.617532542,0.045601366
1979.730793_3930.950073,0.004817921,0.302210382,0.132355105,0.007043222,0.029232905,0.524340466
1979.730793_4230.950073,0,0.045931259,0.078952511,0,0.027979694,0.847136536
2079.730793_2730.950073,0.250698263,0.253562784,0.03861901,0,0.023653932,0.433466012
2079.730793_2830.950073,0,0.124714867,0.716526416,0,0.08625239,0.072506326
2079.730793_2930.950073,0.242368486,0.035413636,0.196208105,0.108838298,0.404813933,0.012357542
2079.730793_3030.950073,0.138586626,0.626253363,0.096964186,0.015609558,0.122586267,0
2079.730793_3130.950073,0,0.104931415,0.807588975,0.035971992,0.051507618,0
2079.730793_3230.950073,0,0.217318902,0.706781411,0.048762911,0.027136776,0
2079.730793_3330.950073,0.004118501,0.441168261,0.353719419,0.076980087,0.124013731,0
2079.730793_3430.950073,0.022987013,0.16816937,0.766003949,0.010395021,0.032444647,0
2079.730793_3530.950073,0,0.184932174,0.07843023,0.333256322,0.396899797,0.006481476
2079.730793_3630.950073,0.416823313,0.048981317,0.338395788,0.055166936,0.128938549,0.011694096
2079.730793_3730.950073,0.418777831,0.115407598,0.187404522,0.055034298,0.214358759,0.009016992
2079.730793_3830.950073,0.244617188,0.025600294,0.701559558,0,0.02822296,0
2079.730793_3930.950073,0.382895617,0.127144373,0.342059632,0.040423504,0.095116138,0.012360736
2079.730793_4030.950073,0.001589961,0.163643663,0.129872567,0.029632941,0.44267328,0.232587588
2079.730793_4130.950073,0.347984759,0.28981339,0.11558402,0.012356674,0.216229528,0.018031629
2079.730793_4230.950073,0.328871233,0.02087944,0.314556318,0.032383529,0.295148095,0.008161385
2179.730793_2730.950073,0.162509096,0.069165508,0.144441283,0.436103136,0,0.187780976
2179.730793_2830.950073,0,0.608699619,0.182627495,0.056311687,0.107027352,0.045333847
2179.730793_2930.950073,0,0.067718273,0.909593818,0,0.022687909,0
2179.730793_3030.950073,0.240940998,0.141449765,0.054668247,0.378636152,0.184304838,0
2179.730793_3130.950073,0.07976007,0.003062131,0.887961221,0.007279368,0.02193721,0
2179.730793_3230.950073,0.341280692,0.073711367,0.532192468,0.007472685,0.045342788,0
2179.730793_3330.950073,0.309753404,0.455993004,0.045820486,0,0.168760586,0.01967252
2179.730793_3430.950073,0.09111799,0.346261758,0.184512311,0.102616089,0.25731009,0.018181762
2179.730793_3530.950073,0.108069176,0.165381329,0.200644089,0.15918939,0.348827868,0.017888147
2179.730793_3630.950073,0.023256151,0.058155026,0.413333738,0.235579002,0.269676084,0
2179.730793_3730.950073,0.291888481,0.027426173,0.150815516,0.088163291,0.43031121,0.011395329
2179.730793_3830.950073,0.472855133,0.089815822,0.305168928,0.041441158,0.090718958,0
2179.730793_3930.950073,0.142544101,0.066735772,0.696475492,0,0.094244635,0
2179.730793_4030.950073,0.530769672,0.237487253,0.116191112,0.0389832,0.033052667,0.043516095
2179.730793_4130.950073,0.055654025,0.597354894,0.034267123,0.002609475,0.010391949,0.299722534
2179.730793_4230.950073,0.168622735,0.243280869,0.047624418,0.073316167,0.467155812,0
2279.730793_2730.950073,0.031850305,0.161776342,0.087806718,0.008113513,0.18137795,0.529075172
2279.730793_2830.950073,0.000605445,0.128327099,0.058212159,0.455631504,0.357223792,0
2279.730793_2930.950073,0.024922108,0.177144226,0.324974603,0.062834778,0.410124285,0
2279.730793_3030.950073,0.013246874,0.190188605,0.729474667,0.021962287,0.045127567,0
2279.730793_3130.950073,0.395621007,0.317684652,0.085364285,0,0.201330057,0
2279.730793_3230.950073,0.045433598,0.017085977,0.716589206,0.024001398,0.196889821,0
2279.730793_3330.950073,0,0.177281117,0.215735765,0.036116257,0.570866861,0
2279.730793_3430.950073,0,0.260729687,0.609308861,0.097013478,0.032947974,0
2279.730793_3530.950073,0.190868799,0.307031724,0.381630664,0.070120571,0.050348242,0
2279.730793_3630.950073,0.258804283,0.025654497,0.499256765,0.030734592,0.185549863,0
2279.730793_3730.950073,0.397063326,0.113704985,0.299638731,0.033965184,0.155627774,0
2279.730793_3830.950073,0.303303962,0.063426471,0.558858346,0.007569683,0.066841538,0
2279.730793_3930.950073,0.209935213,0.326700189,0.287862774,0.086303691,0.089198133,0
2279.730793_4030.950073,0.030369994,0.145679426,0.475586515,0.065137686,0.283226379,0
2279.730793_4130.950073,0.006735025,0.064366384,0.809130649,0.015645152,0.034181331,0.069941458
2279.730793_4230.950073,0.670040369,0.151544165,0.066270257,0,0.057362738,0.054782471
2379.730793_2730.950073,0.19219707,0.673872619,0.04099802,0,0.076028968,0.016903324
2379.730793_2830.950073,0.800378972,0.036812096,0.029498516,0.023828066,0.102648577,0.006833773
2379.730793_2930.950073,0.55722624,0.137786702,0.220067214,0,0.064598036,0.020321808
2379.730793_3030.950073,0.294480498,0.02412778,0.604231398,0.009413015,0.067747308,0
2379.730793_3130.950073,0.252804055,0.206810337,0.204338266,0.041554235,0.294493107,0
2379.730793_3230.950073,0.246164824,0.022684715,0.699492892,0,0.031657569,0
2379.730793_3330.950073,0.079196037,0.627474169,0.085668157,0.037944668,0.164861942,0.004855026
