,Astrocyte,Endothelial,Excitatory,Inhibitory,Microglia,OD,res_ss
-1971.778086_2745.402956,0.177271378,0.120692421,0.104570215,0.301850372,0.1983784,0.097237214,0
-1971.778086_2845.402956,0.155868831,0.22145992,0.222206083,0.117683844,0.137318107,0.145463215,0
-1971.778086_2945.402956,0.365662866,0.146937947,0.091156478,0.108499662,0.219593403,0.068149645,0
-1971.778086_3045.402956,0.091948035,0.119016657,0.147795436,0.193523324,0.16108712,0.286629427,0
-1971.778086_3145.402956,0.178502679,0.345644353,0.097941468,0.093388345,0.177932545,0.10659061,0
-1971.778086_3245.402956,0.220398533,0.141635855,0.113911477,0.163662869,0.154898311,0.205492956,0
-1971.778086_3345.402956,0.07884577,0.055743198,0.131571924,0.182595268,0.262794694,0.288449146,0
-1971.778086_3445.402956,0.175039309,0.063948739,0.099525182,0.197767939,0.128494399,0.335224432,0
-1971.778086_3545.402956,0.192413574,0.099171385,0.146082858,0.201638425,0.129118559,0.231575199,0
-1971.778086_3645.402956,0.202380816,0.167804522,0.158253863,0.18557541,0.23186247,0.05412292,0
-1971.778086_3745.402956,0.239922695,0.151332026,0.192382563,0.237246819,0.124971096,0.054144801,0
-1971.778086_3845.402956,0.211090702,0.070097266,0.156358341,0.212748514,0.139104671,0.210600506,0
-1971.778086_3945.402956,0.185329415,0.189882682,0.187932566,0.215724716,0.161924994,0.059205628,0
-1971.778086_4045.402956,0.226959028,0.135479424,0.220799594,0.184025225,0.109821098,0.12291563,0
-1971.778086_4145.402956,0.241410038,0.181632108,0.116445562,0.16349435,0.125030539,0.171987403,0
-1971.778086_4245.402956,0.218751085,0.212711448,0.152637316,0.18931326,0.185915428,0.040671463,0
-2071.778086_2745.402956,0.241919419,0.211874752,0.173852463,0.153195227,0.126979658,0.092178481,0
-2071.778086_2845.402956,0.2224023,0.145617564,0.134898825,0.117434174,0.211951179,0.167695959,0
-2071.778086_2945.402956,0.287282616,0.072236619,0.104243517,0.132909982,0.144842893,0.258484373,0
-2071.778086_3045.402956,0.248759343,0.230977542,0.249072912,0.145166836,0.060886642,0.065136726,0
-2071.778086_3145.402956,0.196846309,0.150665182,0.167613382,0.141902072,0.101931757,0.241041298,0
-2071.778086_3245.402956,0.220938042,0.117407176,0.106770114,0.128413126,0.329376909,0.097094633,0
-2071.778086_3345.402956,0.313316028,0.219893262,0.058028606,0.133552525,0.20883468,0.066374899,0
-2071.778086_3445.402956,0.299001369,0.060780145,0.148638707,0.194297812,0.241920768,0.0553612,0
-2071.778086_3545.402956,0.16758387,0.143738532,0.243912415,0.271480227,0.071492502,0.101792454,0
-2071.778086_3645.402956,0.215375523,0.214122411,0.129116521,0.15228045,0.234175924,0.05492917,0
-2071.778086_3745.402956,0.193606147,0.302781233,0.103212093,0.161899517,0.190537038,0.047963972,0
-2071.778086_3845.402956,0.225805743,0.169853193,0.183461766,0.195216555,0.174387057,0.051275686,0
-2071.778086_3945.402956,0.158171447,0.1314387,0.152632841,0.190355083,0.3128878,0.05451413,0
-2071.778086_4045.402956,0.236901058,0.103423134,0.192923106,0.169544572,0.230583205,0.066624925,0
-2071.778086_4145.402956,0.100435659,0.142435027,0.238717478,0.293641105,0.11703588,0.10773485,0
-2071.778086_4245.402956,0.313233685,0.158964967,0.177619675,0.26258335,0.002789543,0.084808779,0
-2171.778086_2745.402956,0.277758078,0.120872351,0.108107253,0.110768079,0.2208975,0.161596739,0
-2171.778086_2845.402956,0.222938442,0.236068277,0.100701789,0.159072142,0.178148184,0.103071166,0
-2171.778086_2945.402956,0.218223222,0.10044684,0.125955832,0.169966198,0.152320073,0.233087835,0
-2171.778086_3045.402956,0.260828803,0.230768884,0.129475375,0.121705963,0.166666078,0.090554897,0
-2171.778086_3145.402956,0.206591938,0.171774131,0.144119894,0.133324106,0.158081911,0.18610802,0
-2171.778086_3245.402956,0.232891324,0.242082751,0.134722911,0.094750691,0.134655098,0.160897225,0
-2171.778086_3345.402956,0.270481145,0.20942715,0.147125859,0.165650755,0.108241907,0.099073185,0
-2171.778086_3445.402956,0.221232762,0.126231151,0.265007032,0.175937132,0.151178984,0.060412939,0
-2171.778086_3545.402956,0.230245493,0.187920445,0.200051347,0.161616205,0.163634186,0.056532324,0
-2171.778086_3645.402956,0.231058563,0.142610928,0.184786744,0.257633624,0.125598432,0.05831171,0
-2171.778086_3745.402956,0.260233517,0.147735696,0.162498893,0.151837799,0.190157689,0.087536407,0
-2171.778086_3845.402956,0.27876123,0.188960833,0.160681357,0.149994321,0.171657737,0.049944522,0
-2171.778086_3945.402956,0.216336468,0.152170731,0.118045724,0.15495431,0.22986322,0.128629546,0
-2171.778086_4045.402956,0.230371956,0.067056663,0.086093647,0.135960715,0.351839596,0.128677422,0
-2171.778086_4145.402956,0.24694368,0.226148077,0.082181864,0.163477218,0.131566572,0.149682589,0
-2171.778086_4245.402956,0.161154547,0.09723546,0.153982269,0.140429967,0.177443133,0.269754623,0
-2271.778086_2745.402956,0.281917322,0.102955666,0.0525813,0.103652412,0.314836344,0.144056956,0
-2271.778086_2845.402956,0.229075813,0.152610765,0.152324745,0.158555557,0.137949372,0.169483747,0
-2271.778086_2945.402956,0.232423391,0.180414126,0.145146425,0.172913787,0.152816076,0.116286195,0
-2271.778086_3045.402956,0.15710937,0.111406725,0.16434665,0.266638347,0.120627194,0.179871715,0
-2271.778086_3145.402956,0.280250166,0.151371784,0.182927435,0.202179386,0.121973996,0.061297232,0
-2271.778086_3245.402956,0.210984686,0.13058296,0.167521235,0.198966777,0.162173644,0.129770699,0
-2271.778086_3345.402956,0.166097616,0.183536184,0.229390733,0.205235687,0.143804991,0.071934789,0
-2271.778086_3445.402956,0.221080499,0.170894342,0.163965787,0.138636959,0.097003138,0.208419275,0
-2271.778086_3545.402956,0.17368369,0.109200396,0.235323897,0.242930363,0.184744961,0.054116692,0
-2271.778086_3645.402956,0.219548492,0.122053957,0.133240363,0.120608016,0.079583385,0.324965788,0
-2271.778086_3745.402956,0.203525819,0.224414238,0.080806778,0.132266758,0.265095068,0.09389134,0
-2271.778086_3845.402956,0.142031383,0.186658777,0.098881135,0.153617648,0.348145643,0.070665413,0
-2271.778086_3945.402956,0.162664533,0.095142164,0.1412249,0.136676136,0.324059218,0.140233049,0
-2271.778086_4045.402956,0.280644424,0.188604216,0.129806245,0.183682867,0.163812414,0.053449834,0
-2271.778086_4145.402956,0.225104138,0.066749319,0.11380481,0.096761089,0.364133845,0.1334468,0
-2271.778086_4245.402956,0.185420786,0.079018577,0.058899032,0.060208291,0.26808299,0.348370324,0
-2371.778086_2745.402956,0.267257599,0.180896362,0.073477459,0.183671759,0.21069512,0.084001701,0
-2371.778086_2845.402956,0.203322795,0.268739327,0.128752856,0.145660656,0.165883019,0.087641348,0
-2371.778086_2945.402956,0.293065341,0.098499063,0.233144554,0.182834499,0.127694481,0.064762062,0
-2371.778086_3045.402956,0.183439403,0.11348522,0.212012445,0.256866245,0.188554355,0.045642333,0
-2371.778086_3145.402956,0.233762177,0.132902896,0.248495631,0.211171392,0.108160527,0.065507376,0
-2371.778086_3245.402956,0.25925017,0.13154289,0.213402913,0.200440192,0.102567057,0.092796778,0
-2371.778086_3345.402956,0.219355339,0.186560871,0.188276171,0.203445132,0.150611539,0.051750948,0
-2371.778086_3445.402956,0.208905503,0.101076243,0.183952303,0.206782637,0.167204959,0.132078355,0
-2371.778086_3545.402956,0.237772197,0.175025437,0.18802739,0.246902625,0.1107282,0.04154415,0
-2371.778086_3645.402956,0.242030823,0.141702854,0.122329963,0.147992982,0.204399025,0.141544352,0
-2371.778086_3745.402956,0.205603709,0.089155194,0.112380985,0.178339368,0.285821357,0.128699386,0
-2371.778086_3845.402956,0.215824341,0.187525381,0.169955048,0.225405741,0.089702069,0.111587421,0
-2371.778086_3945.402956,0.185255879,0.231565712,0.149768932,0.192006932,0.137696306,0.103706239,0
-2371.778086_4045.402956,0.266737753,0.112025098,0.128295879,0.139031867,0.196338329,0.157571075,0
-2371.778086_4145.402956,0.204454205,0.134779548,0.108052705,0.090506061,0.168103568,0.294103914,0
-2371.778086_4245.402956,0.098158263,0.055642241,0.087578324,0.095266229,0.175544393,0.48781055,0
-2471.778086_2745.402956,0.117056191,0.350109164,0.187625389,0.197132515,0.048157413,0.099919329,0
-2471.778086_2845.402956,0.257245996,0.159339585,0.186970521,0.205525011,0.063666572,0.127252315,0
-2471.778086_2945.402956,0.247440797,0.106252415,0.161767865,0.237617044,0.12351854,0.12340334,0
-2471.778086_3045.402956,0.168436886,0.168981663,0.149319448,0.246618651,0.156357239,0.110286113,0
-2471.778086_3145.402956,0.232569747,0.121846228,0.221330975,0.224450772,0.122074441,0.077727837,0
-2471.778086_3245.402956,0.25786878,0.134904051,0.224110703,0.219335505,0.119292887,0.044488075,0
-2471.778086_3345.402956,0.226042346,0.104237554,0.173000731,0.268177196,0.156361097,0.072181076,0
-2471.778086_3445.402956,0.200884863,0.247531112,0.187652335,0.228435293,0.086517209,0.048979187,0
-2471.778086_3545.402956,0.2523756,0.143417611,0.174557875,0.213086998,0.155248193,0.061313723,0
-2471.778086_3645.402956,0.27151037,0.197661799,0.133577592,0.179553815,0.117899763,0.099796661,0
-2471.778086_3745.402956,0.201103639,0.165326497,0.198890445,0.224083114,0.124149625,0.08644668,0
-2471.778086_3845.402956,0.237185641,0.328183986,0.103577731,0.212226208,0.030663836,0.088162598,0
-2471.778086_3945.402956,0.284271768,0.150046308,0.08944256,0.161785772,0.203375699,0.111077893,0
-2471.778086_4045.402956,0.332440026,0.217142335,0.059298895,0.123560406,0.207934953,0.059623385,0
-2471.778086_4145.402956,0.326935086,0.320195753,0.048344255,0.040609964,0.086428315,0.177486627,0
-2471.778086_4245.402956,0.215480877,0.101345271,0.057123865,0.113520174,0.131742701,0.380787111,0
-2571.778086_2745.402956,0.141578401,0.244755683,0.121431989,0.232105274,0.086341282,0.173787372,0
-2571.778086_2845.402956,0.178211679,0.161745687,0.085440506,0.126022686,0.284977478,0.163601965,0
-2571.778086_2945.402956,0.137183925,0.283294076,0.121691705,0.219716409,0.162046998,0.076066888,0
-2571.778086_3045.402956,0.195189488,0.140947309,0.200259639,0.259803066,0.163985333,0.039815165,0
-2571.778086_3145.402956,0.141402397,0.217386899,0.158353023,0.2755927,0.146207811,0.061057169,0
-2571.778086_3245.402956,0.217526859,0.159164984,0.217598625,0.232959291,0.081425216,0.091325026,0
-2571.778086_3345.402956,0.158094339,0.192276773,0.23736614,0.225713708,0.14640229,0.040146749,0
-2571.778086_3445.402956,0.240615431,0.179038938,0.14582407,0.194457869,0.185147857,0.054915834,0
-2571.778086_3545.402956,0.228961559,0.169224755,0.158976693,0.183275603,0.204956556,0.054604833,0
-2571.778086_3645.402956,0.240246523,0.165392622,0.149850837,0.192550219,0.176423877,0.075535922,0
-2571.778086_3745.402956,0.211724325,0.238905055,0.115620529,0.218793157,0.14169713,0.073259804,0
-2571.778086_3845.402956,0.256222804,0.182730591,0.136396282,0.195829317,0.139124199,0.089696806,0
-2571.778086_3945.402956,0.243996754,0.24641902,0.125266638,0.188192835,0.120700519,0.075424234,0
-2571.778086_4045.402956,0.154428606,0.044098933,0.027340191,0.039161265,0.164904526,0.570066479,0
-2571.778086_4145.402956,0.169284257,0.16650444,0.053744927,0.124283159,0.264630784,0.221552433,0
-2571.778086_4245.402956,0.166575617,0.043392762,0.125179303,0.185337342,0.188153386,0.291361591,0
-2671.778086_2745.402956,0.269463728,0.165413696,0.147124062,0.14736364,0.117119266,0.153515609,0
-2671.778086_2845.402956,0.218430875,0.106044633,0.115920875,0.13298437,0.287623265,0.138995983,0
-2671.778086_2945.402956,0.174389126,0.159576743,0.074637336,0.111886634,0.224505732,0.25500443,0
-2671.778086_3045.402956,0.301655557,0.21481807,0.122443755,0.166696155,0.142013799,0.052372663,0
-2671.778086_3145.402956,0.38543858,0.132047698,0.087898926,0.081174257,0.275103689,0.038336849,0
-2671.778086_3245.402956,0.404987735,0.133751724,0.05638943,0.199103058,0.124101504,0.081666549,0
-2671.778086_3345.402956,0.202796462,0.115389278,0.177720186,0.237608407,0.161625827,0.10485984,0
-2671.778086_3445.402956,0.218470646,0.197209052,0.15368075,0.19222052,0.117359485,0.121059546,0
-2671.778086_3545.402956,0.271635983,0.122893342,0.195303472,0.25751412,0.129722706,0.022930378,0
-2671.778086_3645.402956,0.328833452,0.154129746,0.111778588,0.155199923,0.210567367,0.039490923,0
-2671.778086_3745.402956,0.18171608,0.167108516,0.114954774,0.194181211,0.308567274,0.033472145,0
-2671.778086_3845.402956,0.224963666,0.130426549,0.051458345,0.188119719,0.329242322,0.0757894,0
-2671.778086_3945.402956,0.260796557,0.121222536,0.059507333,0.075248544,0.332442657,0.150782373,0
-2671.778086_4045.402956,0.203605797,0,0.013924898,0.053039346,0.152352954,0.577077005,4.50E-209
-2671.778086_4145.402956,0.069042404,0.03785119,0.002300256,0.042584647,0.243121574,0.605099929,0
-2671.778086_4245.402956,0.258537535,0.062735561,0.111192306,0.053165866,0.348400413,0.165968319,0
-2771.778086_2745.402956,0.222538509,0.115303519,0.083095754,0.138703599,0.320930757,0.119427863,0
-2771.778086_2845.402956,0.119037938,0.007990596,0.054182908,0.09420589,0.648272299,0.076310369,0
-2771.778086_2945.402956,0.258517976,0.164416536,0.044445885,0.105954336,0.30913879,0.117526478,0
-2771.778086_3045.402956,0.262811407,0.152064694,0.100516135,0.178876467,0.252045177,0.053686121,0
-2771.778086_3145.402956,0.284835405,0.190905737,0.138918907,0.178302184,0.123077989,0.083959778,0
-2771.778086_3245.402956,0.232009686,0.131607057,0.174323514,0.253185637,0.140137442,0.068736664,0
-2771.778086_3345.402956,0.318199953,0.243713382,0.119181054,0.191050446,0.08965662,0.038198546,0
-2771.778086_3445.402956,0.295649496,0.156755706,0.166661316,0.178193258,0.187089717,0.015650507,0
-2771.778086_3545.402956,0.328339213,0.137883195,0.145264016,0.171491835,0.158257487,0.058764253,0
-2771.778086_3645.402956,0.291771753,0.1847839,0.086803782,0.150357511,0.224456065,0.06182699,0
-2771.778086_3745.402956,0.328175527,0.139587656,0.088753521,0.174107451,0.226573194,0.042802651,0
-2771.778086_3845.402956,0.197396363,0.24090522,0.096303765,0.18585949,0.196729548,0.082805614,0
-2771.778086_3945.402956,0.120027947,0.056893877,0.006737319,0.129507097,0.290844721,0.395989039,0
-2771.778086_4045.402956,0.089227285,0.044169849,0.01822563,0.036267706,0.220873653,0.591235877,0
-2771.778086_4145.402956,0.095676015,0.049676971,0.015593626,0.038945742,0.140246039,0.659861605,0
-2771.778086_4245.402956,0.003514366,0.082996699,0,0.066349759,0.496051422,0.351087754,7.65E-37
-2871.778086_2745.402956,0.143943213,0.174138836,0.140784274,0.21134689,0.210350184,0.119436602,0
-2871.778086_2845.402956,0.199529679,0.152518838,0.097626382,0.228950136,0.179869679,0.141505286,0
-2871.778086_2945.402956,0.212481118,0.168301298,0.169358874,0.272478499,0.111961291,0.065418919,0
-2871.778086_3045.402956,0.177426674,0.186902773,0.20665037,0.227235711,0.153321464,0.048463008,0
-2871.778086_3145.402956,0.167844972,0.112744067,0.246554835,0.305942216,0.083686957,0.083226954,0
-2871.778086_3245.402956,0.218194432,0.148208912,0.264528995,0.207490778,0.084819112,0.076757771,0
-2871.778086_3345.402956,0.19253962,0.150954212,0.239765569,0.245260894,0.093613511,0.077866195,0
-2871.778086_3445.402956,0.192163212,0.111172913,0.21226286,0.240153824,0.106970908,0.137276282,0
-2871.778086_3545.402956,0.247517922,0.080329476,0.124384382,0.192957392,0.219834849,0.134975979,0
-2871.778086_3645.402956,0.28714974,0.123898442,0.122577074,0.171148859,0.130842034,0.164383851,0
-2871.778086_3745.402956,0.304892163,0.174642905,0.146455214,0.169382861,0.16213257,0.042494288,0
-2871.778086_3845.402956,0.369481485,0.195792801,0.1137706,0.108077309,0.149291668,0.063586137,0
-2871.778086_3945.402956,0.272038042,0.140564621,0.080254018,0.141349188,0.195649811,0.17014432,0
-2871.778086_4045.402956,0.104198821,0.019506253,0.030174152,0.036644288,0.29702128,0.512455206,0
-2871.778086_4145.402956,0.039351641,0,0.014340362,0.043742438,0.228554753,0.674010806,0
-2871.778086_4245.402956,0.216268494,0.430633282,0.071937722,0.059850911,0.193698922,0.02761067,0
-2971.778086_2745.402956,0.174207925,0.232344729,0.128145217,0.234436127,0.151849662,0.07901634,0
-2971.778086_2845.402956,0.230760771,0.186910827,0.18922916,0.224232589,0.131809416,0.037057236,0
-2971.778086_2945.402956,0.198093415,0.170591125,0.157385802,0.22429181,0.198001064,0.051636784,0
-2971.778086_3045.402956,0.285698148,0.149655027,0.145385652,0.162323759,0.223734687,0.033202727,0
-2971.778086_3145.402956,0.196332771,0.162310511,0.194401287,0.277937171,0.125122861,0.043895399,0
-2971.778086_3245.402956,0.238238116,0.166765659,0.202873585,0.163073475,0.137419166,0.091629999,0
-2971.778086_3345.402956,0.273836857,0.130368122,0.132079512,0.130885628,0.197777639,0.135052242,0
-2971.778086_3445.402956,0.175652752,0.120537867,0.193183317,0.248238755,0.180862412,0.081524897,0
-2971.778086_3545.402956,0.202768115,0.144420395,0.166584779,0.275278736,0.122684878,0.088263096,0
-2971.778086_3645.402956,0.215404007,0.154237792,0.185420605,0.20958048,0.131633338,0.103723777,0
-2971.778086_3745.402956,0.194326014,0.19968563,0.126502156,0.171331478,0.233353022,0.074801701,0
-2971.778086_3845.402956,0.276534269,0.194585213,0.128974518,0.212872025,0.137515284,0.049518689,0
-2971.778086_3945.402956,0.256558981,0.171017764,0.139651874,0.183733293,0.127261312,0.121776776,0
-2971.778086_4045.402956,0.256729204,0.21576039,0.109914877,0.146934155,0.139052134,0.131609239,0
-2971.778086_4145.402956,0.274056648,0.091265691,0.134199126,0.133398537,0.247914189,0.119165808,0
-2971.778086_4245.402956,0.299402891,0.037145418,0.084397209,0.10365842,0.378589339,0.096806723,0
-3071.778086_2745.402956,0.211358956,0.121858902,0.180753261,0.197293595,0.159756885,0.128978401,0
-3071.778086_2845.402956,0.205714246,0.154669199,0.194043873,0.219160768,0.177236094,0.049175819,0
-3071.778086_2945.402956,0.208415884,0.245497103,0.148209295,0.153554125,0.186763338,0.057560254,0
-3071.778086_3045.402956,0.214829545,0.159276221,0.128687159,0.133058991,0.256843882,0.107304201,0
-3071.778086_3145.402956,0.203941279,0.196332757,0.142548681,0.151147378,0.241327485,0.06470242,0
-3071.778086_3245.402956,0.258308747,0.170954183,0.208753617,0.163312798,0.081946207,0.116724446,0
-3071.778086_3345.402956,0.23497327,0.116488623,0.165847018,0.169597147,0.210140079,0.102953864,0
-3071.778086_3445.402956,0.222687428,0.138422922,0.188906033,0.281385563,0.087774879,0.080823175,0
-3071.778086_3545.402956,0.214574587,0.179832595,0.137137569,0.11752984,0.280454047,0.070471363,0
-3071.778086_3645.402956,0.305012197,0.224270418,0.172298491,0.171360217,0.127058677,0,8.88E-253
-3071.778086_3745.402956,0.244705442,0.11650333,0.155632434,0.197235557,0.176502631,0.109420605,0
-3071.778086_3845.402956,0.202597553,0.136278462,0.209858074,0.262986339,0.08640127,0.101878301,0
-3071.778086_3945.402956,0.395022225,0.109673053,0.090405478,0.120565801,0.276890565,0.007442877,0
-3071.778086_4045.402956,0.261485082,0.147998819,0.116358943,0.137241076,0.287761521,0.049154558,0
-3071.778086_4145.402956,0.200674382,0.191189174,0.103276651,0.083030813,0.186739079,0.235089902,0
-3071.778086_4245.402956,0.145579204,0.090591225,0.008357464,0.038705274,0.13465406,0.582112773,0
-3171.778086_2745.402956,0.238806531,0.111912273,0.122131869,0.156177115,0.195152126,0.175820087,0
-3171.778086_2845.402956,0.241340096,0.156111787,0.155346596,0.160361139,0.112321272,0.17451911,0
-3171.778086_2945.402956,0.213853651,0.13365507,0.102463192,0.112009179,0.273464878,0.16455403,0
-3171.778086_3045.402956,0.142975388,0.193596773,0.139943977,0.179804207,0.09375519,0.249924464,0
-3171.778086_3145.402956,0.253388957,0.165389213,0.17724184,0.118934855,0.17684999,0.108195146,0
-3171.778086_3245.402956,0.199435305,0.255925632,0.099883431,0.216439695,0.079477364,0.148838573,0
-3171.778086_3345.402956,0.242960845,0.194565006,0.210757852,0.183960213,0.076909695,0.090846389,0
-3171.778086_3445.402956,0.293231686,0.242661385,0.099209117,0.112511013,0.227540355,0.024846444,0
-3171.778086_3545.402956,0.183411751,0.239312708,0.137259331,0.158730494,0.229796101,0.051489616,0
-3171.778086_3645.402956,0.240605171,0.113828118,0.170997246,0.174855502,0.244001575,0.055712388,0
-3171.778086_3745.402956,0.225729886,0.157926848,0.209259896,0.204403467,0.141650026,0.061029878,0
-3171.778086_3845.402956,0.203834066,0.158488854,0.293849145,0.233817745,0.049347514,0.060662677,0
-3171.778086_3945.402956,0.176799169,0.139646884,0.216435709,0.24724045,0.129739232,0.090138555,0
-3171.778086_4045.402956,0.25097293,0.213978576,0.103395595,0.160297581,0.238736176,0.032619142,0
-3171.778086_4145.402956,0.272483435,0.191131473,0.200721887,0.096747149,0.024691156,0.214224898,0
-3171.778086_4245.402956,0.194293577,0.146284104,0.091817408,0.127811518,0.181687114,0.258106279,0
-3271.778086_2745.402956,0.250859853,0.136989891,0.12752798,0.170638749,0.213848253,0.100135274,0
-3271.778086_2845.402956,0.245315329,0.222985721,0.159380762,0.16292593,0.126893813,0.082498445,0
-3271.778086_2945.402956,0.288525037,0.201813473,0.170222734,0.173956003,0.094944639,0.070538115,0
-3271.778086_3045.402956,0.193026934,0.1169932,0.160632986,0.164488593,0.108820181,0.256038106,0
-3271.778086_3145.402956,0.185545881,0.066341912,0.173804344,0.198799545,0.223870942,0.151637377,0
-3271.778086_3245.402956,0.245721656,0.218803079,0.138298242,0.180380159,0.032958773,0.183838091,0
-3271.778086_3345.402956,0.163714291,0.160533976,0.149680026,0.176761737,0.118572405,0.230737565,0
-3271.778086_3445.402956,0.206239267,0.221740658,0.107041381,0.137613501,0.212441336,0.114923856,0
-3271.778086_3545.402956,0.131458734,0.185183787,0.24306944,0.250594428,0.154197811,0.0354958,0
-3271.778086_3645.402956,0.160348737,0.15464585,0.212152502,0.189073478,0.230406474,0.05337296,0
-3271.778086_3745.402956,0.246170703,0.194138725,0.173765375,0.218330048,0.094291302,0.073303847,0
-3271.778086_3845.402956,0.168880268,0.200561451,0.16347638,0.165833873,0.198535625,0.102712403,0
-3271.778086_3945.402956,0.241701965,0.116564797,0.145707278,0.229082058,0.213278081,0.053665822,0
-3271.778086_4045.402956,0.252829029,0.16392351,0.178030634,0.240697205,0.127260839,0.037258782,0
-3271.778086_4145.402956,0.211472919,0.12311194,0.150665197,0.182721405,0.14862845,0.183400089,0
-3271.778086_4245.402956,0.340233882,0.155753662,0.147560301,0.115964342,0.018315721,0.222172093,0
-3371.778086_2745.402956,0.187933614,0.084300242,0.115369122,0.121971917,0.311150553,0.179274553,0
-3371.778086_2845.402956,0.251835163,0.220988272,0.102763084,0.122861116,0.157016081,0.144536282,0
-3371.778086_2945.402956,0.219412128,0.116762324,0.123491787,0.176519673,0.080636665,0.283177422,0
-3371.778086_3045.402956,0.22506396,0.214018367,0.164751534,0.157225005,0.19084144,0.048099693,0
-3371.778086_3145.402956,0.211100454,0.193442754,0.08750519,0.109700321,0.138850468,0.259400812,0
-3371.778086_3245.402956,0.2212739,0.134729941,0.204585992,0.177101554,0.155017732,0.107290881,0
-3371.778086_3345.402956,0.153260718,0.153207173,0.18989895,0.219321543,0.159157948,0.125153668,0
-3371.778086_3445.402956,0.178509727,0.1398541,0.161890632,0.22340952,0.193500267,0.102835753,0
-3371.778086_3545.402956,0.261403577,0.101473301,0.161731407,0.176658661,0.136770445,0.161962609,0
-3371.778086_3645.402956,0.251415948,0.176388271,0.166364224,0.181207287,0.126090723,0.098533546,0
-3371.778086_3745.402956,0.24062014,0.094864456,0.223546905,0.211924962,0.135392321,0.093651216,0
-3371.778086_3845.402956,0.233638253,0.113414888,0.178432037,0.213784721,0.221605746,0.039124354,0
-3371.778086_3945.402956,0.263723584,0.196034319,0.109998459,0.193739066,0.184341886,0.052162686,0
-3371.778086_4045.402956,0.197595759,0.209243877,0.102574545,0.127041647,0.316003047,0.047541124,0
-3371.778086_4145.402956,0.218731654,0.140079685,0.250656292,0.264690538,0.112738491,0.013103339,0
-3371.778086_4245.402956,0.376339127,0.119451067,0.134522743,0.14405841,0.136282869,0.089345783,0
-3471.778086_2745.402956,0.145972455,0.369378237,0.113996268,0.244341588,0.126311451,0,2.82E-253
-3471.778086_2845.402956,0.183160284,0.147945471,0.064700509,0.094912513,0.204927596,0.304353626,0
-3471.778086_2945.402956,0.144055806,0.225186867,0.127557433,0.097657641,0.142198402,0.26334385,0
-3471.778086_3045.402956,0.210084602,0.129812475,0.180757567,0.156951278,0.132809505,0.189584573,0
-3471.778086_3145.402956,0.267160841,0.098410814,0.170401641,0.213303203,0.023193232,0.227530269,0
-3471.778086_3245.402956,0.370825179,0.153902921,0.132186002,0.120205287,0.082551891,0.14032872,0
-3471.778086_3345.402956,0.168941191,0.104272583,0.084589066,0.112706085,0.257464592,0.272026484,0
-3471.778086_3445.402956,0.183762107,0.197637116,0.097824899,0.16155867,0.192984585,0.166232623,0
-3471.778086_3545.402956,0.243876953,0.238571393,0.124860607,0.229235774,0.012134799,0.151320474,0
-3471.778086_3645.402956,0.242016614,0.076269954,0.146741336,0.252639647,0.158600729,0.12373172,0
-3471.778086_3745.402956,0.202320197,0.196697313,0.138060017,0.187754551,0.230740702,0.04442722,0
-3471.778086_3845.402956,0.222600631,0.07000954,0.153180728,0.196938526,0.141388931,0.215881643,0
-3471.778086_3945.402956,0.180576799,0.133687497,0.14090089,0.275157754,0.260483514,0.009193546,0
-3471.778086_4045.402956,0.242196567,0.153259427,0.225290551,0.215130833,0.082040367,0.082082256,0
-3471.778086_4145.402956,0.322322202,0.138363807,0.129753717,0.165472889,0.106088135,0.137999249,0
-3471.778086_4245.402956,0.19307317,0.110636549,0.159359159,0.262613339,0.229693147,0.044624636,0
1179.730793_2730.950073,0.23213604,0.274644653,0.061282235,0.1458747,0.199742118,0.086320255,0
1179.730793_2830.950073,0.228414923,0.111349049,0.122449908,0.259151756,0.200463856,0.078170508,0
1179.730793_2930.950073,0.235080203,0.055691858,0.094053134,0.058853069,0.237770069,0.318551668,0
1179.730793_3030.950073,0.172170449,0.204651457,0.184293896,0.177274232,0.128259225,0.133350741,0
1179.730793_3130.950073,0.259447582,0.137174686,0.150036944,0.154973806,0.199850089,0.098516893,0
1179.730793_3230.950073,0.260470045,0.088510507,0.110321935,0.128950832,0.155938418,0.255808263,0
1179.730793_3330.950073,0.252647601,0.162173257,0.132620864,0.17809488,0.175004204,0.099459194,0
1179.730793_3430.950073,0.256493618,0.06955794,0.126505008,0.200364153,0.165586721,0.181492559,0
1179.730793_3530.950073,0.211470871,0.104390524,0.236391823,0.2564429,0.101364624,0.089939258,0
1179.730793_3630.950073,0.146415668,0.249747629,0.211240291,0.245492694,0.106446979,0.040656739,0
1179.730793_3730.950073,0.224750585,0.141656483,0.230708676,0.240777205,0.10828271,0.053824342,0
1179.730793_3830.950073,0.25612661,0.082259886,0.150937127,0.162849702,0.238779311,0.109047364,0
1179.730793_3930.950073,0.189548381,0.190251511,0.243658939,0.222480952,0.096872892,0.057187326,0
1179.730793_4030.950073,0.210262577,0.168976613,0.260921227,0.229727003,0.070767144,0.059345436,0
1179.730793_4130.950073,0.19427085,0.116047994,0.259212002,0.314155993,0.091934533,0.024378629,0
1179.730793_4230.950073,0.167129607,0.214616297,0.158673776,0.24467178,0.196580748,0.018327793,0
1279.730793_2730.950073,0.271339459,0.063135951,0.094378462,0.088871093,0.276950284,0.205324751,0
1279.730793_2830.950073,0.2696845,0.189236512,0.14967238,0.140843312,0.146407233,0.104156062,0
1279.730793_2930.950073,0.246224431,0.104746029,0.095020909,0.107824295,0.198406211,0.247778125,0
1279.730793_3030.950073,0.194858215,0.180874905,0.177088865,0.174751088,0.14636094,0.126065988,0
1279.730793_3130.950073,0.24312099,0.195710482,0.082504144,0.112441967,0.209916085,0.156306332,0
1279.730793_3230.950073,0.085471931,0.108180847,0.100985122,0.167619895,2.16E-17,0.537742205,0
1279.730793_3330.950073,0.177063733,0.244765681,0.078294214,0.118054089,0.21950461,0.162317673,0
1279.730793_3430.950073,0.239343942,0.204342004,0.222152453,0.227141865,0.028140455,0.078879281,0
1279.730793_3530.950073,0.328410407,0.194041505,0.171133627,0.139274116,0.125419968,0.041720379,0
1279.730793_3630.950073,0.252366095,0.221344602,0.108202863,0.115879427,0.273105229,0.029101784,0
1279.730793_3730.950073,0.190299759,0.131924801,0.194526727,0.199680161,0.157026732,0.12654182,0
1279.730793_3830.950073,0.10676151,0.141395731,0.237324175,0.246169594,0.167757627,0.100591364,0
1279.730793_3930.950073,0.193899008,0.125176295,0.179956233,0.180190226,0.215558513,0.105219725,0
1279.730793_4030.950073,0.120829524,0.148774784,0.154085897,0.221598848,0.323265896,0.031445051,0
1279.730793_4130.950073,0.192547787,0.167784278,0.154814553,0.137502081,0.278078701,0.069272599,0
1279.730793_4230.950073,0.198309037,0.143906132,0.17569802,0.282184555,0.127835009,0.072067246,0
1379.730793_2730.950073,0.326931051,0.287935251,0.045230907,0.085836839,0.231676843,0.02238911,0
1379.730793_2830.950073,0.209746177,0.170696505,0.121488937,0.16218012,0.14832495,0.187563311,0
1379.730793_2930.950073,0.225161265,0.11917821,0.107042663,0.146053651,0.190914521,0.211649691,0
1379.730793_3030.950073,0.288248248,0.11770276,0.171559603,0.169054719,0.136770222,0.116664448,0
1379.730793_3130.950073,0.165264684,0.081999907,0.096355867,0.12930195,0.229362109,0.297715483,0
1379.730793_3230.950073,0.346451467,0.119121601,0.068542117,0.131542069,0.194842646,0.139500099,0
1379.730793_3330.950073,0.285718776,0.160090379,0.202050983,0.167949612,0.092408737,0.091781513,0
1379.730793_3430.950073,0.247385647,0.142427706,0.202696107,0.186250319,0.119756399,0.101483822,0
1379.730793_3530.950073,0.250477076,0.225700127,0.185539772,0.14745022,0.098032505,0.092800301,0
1379.730793_3630.950073,0.258805742,0.143180562,0.158346754,0.225228084,0.161322283,0.053116575,0
1379.730793_3730.950073,0.135176334,0.082121244,0.180720737,0.183767316,0.25554903,0.162665339,0
1379.730793_3830.950073,0.140407542,0.083536082,0.116235754,0.235143265,0.3725937,0.052083657,0
1379.730793_3930.950073,0.233654196,0.245438804,0.144579142,0.16390149,0.159790908,0.05263546,0
1379.730793_4030.950073,0.244521518,0.157518975,0.134504745,0.186503677,0.240649398,0.036301687,0
1379.730793_4130.950073,0.217785397,0.160537941,0.189392141,0.232143634,0.012594009,0.187546878,0
1379.730793_4230.950073,0.14072041,0.146767442,0.12275286,0.159126154,0.180915838,0.249717295,0
1479.730793_2730.950073,0.187819892,0.287501673,0.111173701,0.202181201,0.073036591,0.138286941,0
1479.730793_2830.950073,0.229814661,0.162502299,0.144491037,0.206245965,0.164950872,0.091995167,0
1479.730793_2930.950073,0.200292816,0.178991466,0.208101006,0.22992257,0.085646282,0.097045859,0
1479.730793_3030.950073,0.282308667,0.109656207,0.190664865,0.193319532,0.095015056,0.129035674,0
1479.730793_3130.950073,0.326193668,0.179955455,0.112873719,0.15719676,0.142713064,0.081067335,0
1479.730793_3230.950073,0.161783659,0.12958557,0.29602815,0.186895907,0.087259888,0.138446827,0
1479.730793_3330.950073,0.237294321,0.128201452,0.18910743,0.156254975,0.167260371,0.12188145,0
1479.730793_3430.950073,0.151847966,0.296024599,0.160711328,0.172290263,0.145112064,0.074013779,0
1479.730793_3530.950073,0.176376563,0.171181884,0.143538533,0.18591788,0.17087704,0.1521081,0
1479.730793_3630.950073,0.193150303,0.128369453,0.161789368,0.232269171,0.203746228,0.080675476,0
1479.730793_3730.950073,0.193822683,0.119713352,0.17668532,0.223889843,0.22583775,0.060051051,0
1479.730793_3830.950073,0.223356699,0.165128701,0.167914368,0.182538419,0.239699942,0.02136187,0
1479.730793_3930.950073,0.196196937,0.176636592,0.154968413,0.138142737,0.237175855,0.096879466,0
1479.730793_4030.950073,0.210810732,0.077403125,0.173302625,0.204043292,0.299994915,0.034445311,0
1479.730793_4130.950073,0.19590111,0.150821748,0.097891852,0.15415471,0.210706377,0.190524203,0
1479.730793_4230.950073,0.138976523,0.089751863,0.025132487,0.040865173,0.174754661,0.530519293,0
1579.730793_2730.950073,0.279314999,0.232082887,0.153482432,0.189453591,0.063391841,0.08227425,0
1579.730793_2830.950073,0.217411561,0.267370599,0.167071581,0.217741207,0.093635691,0.03676936,0
1579.730793_2930.950073,0.191292858,0.154831029,0.18147128,0.216179878,0.234681188,0.021543768,0
1579.730793_3030.950073,0.202414799,0.143511028,0.217381726,0.222011964,0.156175952,0.058504531,0
1579.730793_3130.950073,0.317946237,0.188691731,0.149340854,0.156470204,0.120251185,0.067299789,0
1579.730793_3230.950073,0.200890985,0.136757837,0.262492347,0.17483743,0.12236651,0.102654892,0
1579.730793_3330.950073,0.186231692,0.215354748,0.160712105,0.178208243,0.179066702,0.080426511,0
1579.730793_3430.950073,0.173502883,0.147791761,0.227039562,0.197358964,0.169825009,0.084481821,0
1579.730793_3530.950073,0.235709075,0.137106977,0.239743051,0.238662873,0.113699985,0.035078038,0
1579.730793_3630.950073,0.167387694,0.186350236,0.151304603,0.222111329,0.205256185,0.067589953,0
1579.730793_3730.950073,0.20870234,0.12536846,0.180917783,0.192690075,0.151891076,0.140430266,0
1579.730793_3830.950073,0.194327856,0.125347675,0.194045543,0.252376013,0.166214689,0.067688225,0
1579.730793_3930.950073,0.164512411,0.202220697,0.160119083,0.251332826,0.096272614,0.125542369,0
1579.730793_4030.950073,0.268113206,0.133354105,0.100133034,0.201157926,0.145309178,0.151932551,0
1579.730793_4130.950073,0.255667918,0.111651832,0.221408447,0.148474477,0.124974269,0.137823057,0
1579.730793_4230.950073,0.1205392,0.17907564,0.183218952,0.102975579,0.108610012,0.305580618,0
1679.730793_2730.950073,0.182845859,0.227245496,0.154016462,0.290003212,0.062683295,0.083205676,0
1679.730793_2830.950073,0.1943571,0.182135574,0.122967358,0.198780554,0.214376832,0.087382582,0
1679.730793_2930.950073,0.182376301,0.312566713,0.191460359,0.208991441,0.053986801,0.050618386,0
1679.730793_3030.950073,0.251791873,0.20727526,0.158048531,0.218842969,0.144045547,0.01999582,0
1679.730793_3130.950073,0.153410525,0.216915913,0.145911222,0.197500779,0.234320304,0.051941258,0
1679.730793_3230.950073,0.177096536,0.142971721,0.149814166,0.268042349,0.105540063,0.156535164,0
1679.730793_3330.950073,0.231049397,0.2051785,0.212549678,0.227310716,0.070884834,0.053026875,0
1679.730793_3430.950073,0.256370738,0.126224457,0.173431014,0.225176202,0.153465664,0.065331924,0
1679.730793_3530.950073,0.23143235,0.168990677,0.134780399,0.17707647,0.207699211,0.080020893,0
1679.730793_3630.950073,0.242353637,0.190702956,0.137349895,0.177493978,0.160506384,0.091593149,0
1679.730793_3730.950073,0.296928226,0.100770377,0.204204904,0.210674133,0.125467312,0.061955047,0
1679.730793_3830.950073,0.27121886,0.117554609,0.117451116,0.165457078,0.212799078,0.115519258,0
1679.730793_3930.950073,0.166898013,0.137036805,0.147520532,0.233705998,0.138666543,0.17617211,0
1679.730793_4030.950073,0.303051965,0.147703159,0.094084029,0.1359362,0.175769228,0.14345542,0
1679.730793_4130.950073,0.334969368,0.275986543,0.087160811,0.095026684,0.109614334,0.09724226,0
1679.730793_4230.950073,0.294622054,0.112868267,0.081270061,0.099665727,0.217193433,0.194380458,0
1779.730793_2730.950073,0.184492673,0.301998644,0.121432969,0.221137841,0.074543943,0.09639393,0
1779.730793_2830.950073,0.216346393,0.161876704,0.185618429,0.237137667,0.121033209,0.077987599,0
1779.730793_2930.950073,0.179931186,0.147898468,0.232305757,0.23941246,0.122399947,0.078052183,0
1779.730793_3030.950073,0.220430536,0.130364109,0.255325589,0.266174575,0.072083839,0.055621352,0
1779.730793_3130.950073,0.18291236,0.122405319,0.234287178,0.278147398,0.131721971,0.050525774,0
1779.730793_3230.950073,0.239999796,0.166166624,0.197504054,0.214482525,0.107415532,0.074431469,0
1779.730793_3330.950073,0.15864733,0.157995385,0.191869132,0.272926205,0.120423859,0.098138089,0
1779.730793_3430.950073,0.165739709,0.250172706,0.179845442,0.266381483,0.11130449,0.026556171,0
1779.730793_3530.950073,0.215783804,0.083024091,0.234516332,0.215076891,0.196709005,0.054889878,0
1779.730793_3630.950073,0.256963797,0.137093109,0.254245825,0.263631786,0.022306395,0.065759087,0
1779.730793_3730.950073,0.248515951,0.193166196,0.124409424,0.185545943,0.191432201,0.056930286,0
1779.730793_3830.950073,0.295223607,0.197354365,0.127046731,0.181160493,0.122636204,0.0765786,0
1779.730793_3930.950073,0.298940481,0.145265593,0.134545838,0.190611738,0.135502008,0.095134342,0
1779.730793_4030.950073,0.336529299,0.129604341,0.075528581,0.138339631,0.28643642,0.033561728,0
1779.730793_4130.950073,0.309149617,0.228406095,0.108520619,0.12008816,0.052193144,0.181642365,0
1779.730793_4230.950073,0.469211096,0.081982101,0.077708032,0.068247578,0.188766685,0.114084508,0
1879.730793_2730.950073,0.324266688,0.154359984,0.085398396,0.080725176,0.275053612,0.080196145,0
1879.730793_2830.950073,0.164338938,0.168723565,0.164658961,0.266093464,0.163863227,0.072321845,0
1879.730793_2930.950073,0.246264902,0.234330392,0.193266895,0.250421953,0.029697915,0.046017943,0
1879.730793_3030.950073,0.212909121,0.232310422,0.175123119,0.221669212,0.077375165,0.080612961,0
1879.730793_3130.950073,0.246542348,0.134678344,0.181276379,0.216481867,0.176158358,0.044862705,0
1879.730793_3230.950073,0.244547425,0.186149631,0.154311619,0.24034671,0.136284654,0.038359961,0
1879.730793_3330.950073,0.298199252,0.162840764,0.169901523,0.170905716,0.135337678,0.062815066,0
1879.730793_3430.950073,0.206889767,0.222844596,0.161836278,0.178513794,0.196269864,0.033645701,0
1879.730793_3530.950073,0.286607334,0.18135907,0.114058647,0.171753772,0.167117599,0.079103579,0
1879.730793_3630.950073,0.225767509,0.179739022,0.171501188,0.22885693,0.125894668,0.068240684,0
1879.730793_3730.950073,0.253937336,0.150692322,0.175582986,0.191452886,0.116190694,0.112143777,0
1879.730793_3830.950073,0.39517214,0.174145303,0.111139502,0.117497315,0.156019114,0.046026625,0
1879.730793_3930.950073,0.166418966,0.140688114,0.163541044,0.177449966,0.205013893,0.146888018,0
1879.730793_4030.950073,0.252687136,0.071625303,0.064831455,0.015442138,0.47978907,0.115624898,0
1879.730793_4230.950073,0.482233646,0.152728374,0.066332505,0.011435759,0.249332947,0.037936769,0
1979.730793_2730.950073,0.275163529,0.167192575,0.018136943,0.069783269,0.2848435,0.184880184,0
1979.730793_2830.950073,0.186067545,0.161368179,0.099892517,0.172991197,0.272118888,0.107561674,0
1979.730793_2930.950073,0.25980685,0.18914004,0.109565286,0.274321663,0.107984857,0.059181303,0
1979.730793_3030.950073,0.259117111,0.136204041,0.199857824,0.257029895,0.074735176,0.073055952,0
1979.730793_3130.950073,0.200634319,0.114664179,0.203873007,0.309821235,0.088919346,0.082087914,0
1979.730793_3230.950073,0.244479577,0.264692334,0.116624077,0.154226291,0.16076366,0.059214061,0
1979.730793_3330.950073,0.404916484,0.144499243,0.117188454,0.181582575,0.104722645,0.047090599,0
1979.730793_3430.950073,0.240642749,0.167196689,0.14927783,0.189769054,0.211943,0.041170679,0
1979.730793_3530.950073,0.209797867,0.096382035,0.139107526,0.202010809,0.187420835,0.165280927,0
1979.730793_3630.950073,0.284191927,0.202598933,0.132279654,0.185966642,0.179669614,0.01529323,0
1979.730793_3730.950073,0.309245681,0.145180461,0.106341104,0.179904618,0.210025851,0.049302285,0
1979.730793_3830.950073,0.348633771,0.151694551,0.101037508,0.236068327,0.109576385,0.052989459,0
1979.730793_3930.950073,0.23340943,0.078810203,0.144413236,0.206662536,0.234423261,0.102281334,0
1979.730793_4230.950073,0.506866978,0.119726149,0.039900933,0.050178228,0.229599925,0.053727787,0
2079.730793_2730.950073,0.074321614,0,0.006674702,0.034373003,0.376643925,0.507986756,7.27E-34
2079.730793_2830.950073,0.175381152,0.135208793,0.161297703,0.217683499,0.165120761,0.145308093,0
2079.730793_2930.950073,0.228421025,0.142912049,0.184822528,0.247949113,0.13396663,0.061928656,0
2079.730793_3030.950073,0.206398821,0.123102058,0.217924887,0.285720907,0.11918266,0.047670667,0
2079.730793_3130.950073,0.155628882,0.206783951,0.241390256,0.271816717,0.080198633,0.044181561,0
2079.730793_3230.950073,0.227749807,0.207514378,0.225422116,0.223167303,0.040010097,0.076136299,0
